corpus,drama,begin,end,Speaker.figure_surface,Speaker.figure_id,Token.surface,Token.pos,Token.lemma,length,Mentioned.figure_surface,Mentioned.figure_id
qd,w407.0,597,612,_Stage,_Stage,Marie,NE,marie,28984,,(1)
qd,w407.0,597,612,_Stage,_Stage,.,$.,--,28984,,
qd,w407.0,597,612,_Stage,_Stage,Therese,NE,therese,28984,,(0)
qd,w407.0,597,612,_Stage,_Stage,.,$.,--,28984,,
qd,w407.0,624,660,THERESE,therese,geheimnisvoll,ADJD,geheimnisvoll,28984,,
qd,w407.0,624,660,THERESE,therese,zur,APPRART,zu,28984,,
qd,w407.0,624,660,THERESE,therese,Thür,NN,thür,28984,,
qd,w407.0,624,660,THERESE,therese,hereinrufend,ADJD,hereinrufend,28984,,
qd,w407.0,624,660,THERESE,therese,.,$.,--,28984,,
qd,w407.0,698,729,MARIE,marie,an,APPR,an,28984,,
qd,w407.0,698,729,MARIE,marie,der,ART,der,28984,,
qd,w407.0,698,729,MARIE,marie,Nähmaschine,NN,nähmaschine,28984,,
qd,w407.0,698,729,MARIE,marie,beschäftigt,VVPP,beschäftigen,28984,,
qd,w407.0,698,729,MARIE,marie,.,$.,--,28984,,
qd,w407.0,947,960,MARIE,marie,erschreckend,ADJD,erschreckend,28984,,
qd,w407.0,947,960,MARIE,marie,.,$.,--,28984,,
qd,w407.0,1563,1586,MARIE,marie,hinausschauend,ADJD,hinausschauend,28984,,
qd,w407.0,1563,1586,MARIE,marie,–,XY,–,28984,,
qd,w407.0,1563,1586,MARIE,marie,nickt,VVFIN,nicken,28984,,
qd,w407.0,1563,1586,MARIE,marie,.,$.,--,28984,,
qd,w407.0,2005,2017,THERESE,therese,respektvoll,ADJD,respektvoll,28984,,
qd,w407.0,2005,2017,THERESE,therese,.,$.,--,28984,,
qd,w407.0,2053,2063,THERESE,therese,Es,PPER,es,28984,,
qd,w407.0,2053,2063,THERESE,therese,klopft,VVFIN,klopfen,28984,,
qd,w407.0,2053,2063,THERESE,therese,.,$.,--,28984,,
qd,w407.0,2086,2100,MARIE,marie,Max,NE,max,28984,,(2)
qd,w407.0,2086,2100,MARIE,marie,tritt,VVFIN,treten,28984,,
qd,w407.0,2086,2100,MARIE,marie,ein,PTKVZ,ein,28984,,
qd,w407.0,2086,2100,MARIE,marie,.,$.,--,28984,,
qd,w407.0,2160,2185,THERESE,therese,In,APPR,in,28984,,
qd,w407.0,2160,2185,THERESE,therese,sich,PRF,sich,28984,,
qd,w407.0,2160,2185,THERESE,therese,hineinlachend,ADJD,hineinlachend,28984,,
qd,w407.0,2160,2185,THERESE,therese,ab,PTKVZ,ab,28984,,
qd,w407.0,2160,2185,THERESE,therese,.,$.,--,28984,,
qd,w407.0,2228,2254,_Stage,_Stage,Marie,NE,marie,28984,,(1)
qd,w407.0,2228,2254,_Stage,_Stage,.,$.,--,28984,,
qd,w407.0,2228,2254,_Stage,_Stage,Max,NE,max,28984,,(2)
qd,w407.0,2228,2254,_Stage,_Stage,von,APPR,von,28984,,
qd,w407.0,2228,2254,_Stage,_Stage,Wendlowski,NE,wendlowski,28984,,
qd,w407.0,2228,2254,_Stage,_Stage,.,$.,--,28984,,
qd,w407.0,2591,2615,MARIE,marie,nach,APPR,nach,28984,,
qd,w407.0,2591,2615,MARIE,marie,der,ART,der,28984,,
qd,w407.0,2591,2615,MARIE,marie,Klingel,NN,klingel,28984,,
qd,w407.0,2591,2615,MARIE,marie,gehend,ADJD,gehend,28984,,
qd,w407.0,2591,2615,MARIE,marie,.,$.,--,28984,,
qd,w407.0,2673,2682,MARIE,marie,klingelt,VVFIN,klingeln,28984,,
qd,w407.0,2673,2682,MARIE,marie,.,$.,--,28984,,
qd,w407.0,3823,3831,MAX,max,bittend,ADJD,bittend,28984,,
qd,w407.0,3823,3831,MAX,max,.,$.,--,28984,,
qd,w407.0,3870,3892,MARIE,marie,sich,PRF,sich,28984,,
qd,w407.0,3870,3892,MARIE,marie,sanft,ADJD,sanft,28984,,
qd,w407.0,3870,3892,MARIE,marie,losmachend,ADJD,losmachend,28984,,
qd,w407.0,3870,3892,MARIE,marie,.,$.,--,28984,,
qd,w407.0,4017,4026,MAX,max,seufzend,ADJD,seufzend,28984,,
qd,w407.0,4017,4026,MAX,max,.,$.,--,28984,,
qd,w407.0,4318,4337,MAX,max,nickt,VVFIN,nicken,28984,,
qd,w407.0,4318,4337,MAX,max,nachdenklich,ADJD,nachdenklich,28984,,
qd,w407.0,4318,4337,MAX,max,.,$.,--,28984,,
qd,w407.0,4349,4384,MARIE,marie,die,ART,der,28984,,
qd,w407.0,4349,4384,MARIE,marie,Hand,NN,hand,28984,,
qd,w407.0,4349,4384,MARIE,marie,auf,APPR,auf,28984,,
qd,w407.0,4349,4384,MARIE,marie,seine,PPOSAT,sein,28984,,
qd,w407.0,4349,4384,MARIE,marie,Schulter,NN,schulter,28984,,
qd,w407.0,4349,4384,MARIE,marie,legend,ADJD,legend,28984,,
qd,w407.0,4349,4384,MARIE,marie,.,$.,--,28984,,
qd,w407.0,4507,4521,MAX,max,achselzuckend,ADJD,achselzuckend,28984,,
qd,w407.0,4507,4521,MAX,max,.,$.,--,28984,,
qd,w407.0,6116,6125,MAX,max,lächelnd,ADJD,lächelnd,28984,,
qd,w407.0,6116,6125,MAX,max,.,$.,--,28984,,
qd,w407.0,6324,6340,_Stage,_Stage,Max,NE,max,28984,,(2)
qd,w407.0,6324,6340,_Stage,_Stage,.,$.,--,28984,,
qd,w407.0,6324,6340,_Stage,_Stage,von,APPR,von,28984,,
qd,w407.0,6324,6340,_Stage,_Stage,Keller,NE,keller,28984,,(3)
qd,w407.0,6324,6340,_Stage,_Stage,.,$.,--,28984,,
qd,w407.0,6348,6367,MAX,max,ihm,PPER,ihm,28984,,
qd,w407.0,6348,6367,MAX,max,entgegengehend,ADJD,entgegengehend,28984,,
qd,w407.0,6348,6367,MAX,max,.,$.,--,28984,,
qd,w407.0,6657,6666,MAX,max,lächelnd,ADJD,lächelnd,28984,,
qd,w407.0,6657,6666,MAX,max,.,$.,--,28984,,
qd,w407.0,8083,8098,MAX,max,halb,ADJD,halb,28984,,
qd,w407.0,8083,8098,MAX,max,scherzend,ADJD,scherzend,28984,,
qd,w407.0,8083,8098,MAX,max,.,$.,--,28984,,
qd,w407.0,8698,8707,KELLER,keller,verwirrt,VVPP,verwirren,28984,,
qd,w407.0,8698,8707,KELLER,keller,.,$.,--,28984,,
qd,w407.0,10417,10435,KELLER,keller,zuckt,VVFIN,zucken,28984,,
qd,w407.0,10417,10435,KELLER,keller,die,ART,der,28984,,
qd,w407.0,10417,10435,KELLER,keller,Achseln,NN,achsel,28984,,
qd,w407.0,10417,10435,KELLER,keller,.,$.,--,28984,,
qd,w407.0,11208,11252,_Stage,_Stage,Die,ART,der,28984,,
qd,w407.0,11208,11252,_Stage,_Stage,Vorigen,NN,vorige,28984,,
qd,w407.0,11208,11252,_Stage,_Stage,.,$.,--,28984,,
qd,w407.0,11208,11252,_Stage,_Stage,Schwartze,NN,schwartze,28984,,(4)
qd,w407.0,11208,11252,_Stage,_Stage,.,$.,--,28984,,
qd,w407.0,11208,11252,_Stage,_Stage,Dann,ADV,dann,28984,,
qd,w407.0,11208,11252,_Stage,_Stage,Frau,NN,frau,28984,,(5
qd,w407.0,11208,11252,_Stage,_Stage,Schwartze,NE,schwartze,28984,,5)|(4)
qd,w407.0,11208,11252,_Stage,_Stage,.,$.,--,28984,,
qd,w407.0,11266,11293,SCHWARTZE,schwartze,Keller,NN,keller,28984,,(3)
qd,w407.0,11266,11293,SCHWARTZE,schwartze,die,ART,der,28984,,
qd,w407.0,11266,11293,SCHWARTZE,schwartze,Hand,NN,hand,28984,,
qd,w407.0,11266,11293,SCHWARTZE,schwartze,schüttelnd,ADJD,schüttelnd,28984,,
qd,w407.0,11266,11293,SCHWARTZE,schwartze,.,$.,--,28984,,
qd,w407.0,12537,12545,KELLER,keller,höflich,ADJD,höflich,28984,,
qd,w407.0,12537,12545,KELLER,keller,.,$.,--,28984,,
qd,w407.0,14115,14128,SCHWARTZE,schwartze,aufleuchtend,ADJD,aufleuchtend,28984,,
qd,w407.0,14115,14128,SCHWARTZE,schwartze,.,$.,--,28984,,
qd,w407.0,14902,14912,KELLER,keller,bedauernd,ADJD,bedauernd,28984,,
qd,w407.0,14902,14912,KELLER,keller,.,$.,--,28984,,
qd,w407.0,14934,14966,SCHWARTZE,schwartze,streichelt,ADJD,streicheln,28984,,
qd,w407.0,14934,14966,SCHWARTZE,schwartze,ihr,PPOSAT,ihr,28984,,
qd,w407.0,14934,14966,SCHWARTZE,schwartze,lachend,ADJD,lachend,28984,,
qd,w407.0,14934,14966,SCHWARTZE,schwartze,den,ART,der,28984,,
qd,w407.0,14934,14966,SCHWARTZE,schwartze,Kopf,NN,kopf,28984,,
qd,w407.0,14934,14966,SCHWARTZE,schwartze,.,$.,--,28984,,
qd,w407.0,15047,15160,_Stage,_Stage,Die,ART,der,28984,,
qd,w407.0,15047,15160,_Stage,_Stage,Vorigen,NN,vorige,28984,,
qd,w407.0,15047,15160,_Stage,_Stage,.,$.,--,28984,,
qd,w407.0,15047,15160,_Stage,_Stage,Marie,NE,marie,28984,,(1)
qd,w407.0,15047,15160,_Stage,_Stage,",","$,",--,28984,,
qd,w407.0,15047,15160,_Stage,_Stage,ein,ART,ein,28984,,
qd,w407.0,15047,15160,_Stage,_Stage,Theebrett,NN,theebrett,28984,,
qd,w407.0,15047,15160,_Stage,_Stage,mit,APPR,mit,28984,,
qd,w407.0,15047,15160,_Stage,_Stage,Kaffeetassen,NN,kaffeetasse,28984,,
qd,w407.0,15047,15160,_Stage,_Stage,tragend,ADJD,tragend,28984,,
qd,w407.0,15047,15160,_Stage,_Stage,",","$,",--,28984,,
qd,w407.0,15047,15160,_Stage,_Stage,verneigt,VVFIN,verneigen,28984,,
qd,w407.0,15047,15160,_Stage,_Stage,sich,PRF,sich,28984,,
qd,w407.0,15047,15160,_Stage,_Stage,freundlich,ADJD,freundlich,28984,,
qd,w407.0,15047,15160,_Stage,_Stage,vor,APPR,vor,28984,,
qd,w407.0,15047,15160,_Stage,_Stage,dem,ART,der,28984,,
qd,w407.0,15047,15160,_Stage,_Stage,aufstehenden,ADJA,aufstehend,28984,,
qd,w407.0,15047,15160,_Stage,_Stage,Keller,NN,keller,28984,,(3)
qd,w407.0,15047,15160,_Stage,_Stage,.,$.,--,28984,,
qd,w407.0,15407,15443,KELLER,keller,sich,PRF,sich,28984,,
qd,w407.0,15407,15443,KELLER,keller,bedienend,ADJD,bedienend,28984,,
qd,w407.0,15407,15443,KELLER,keller,",","$,",--,28984,,
qd,w407.0,15407,15443,KELLER,keller,mit,APPR,mit,28984,,
qd,w407.0,15407,15443,KELLER,keller,einem,ART,ein,28984,,
qd,w407.0,15407,15443,KELLER,keller,Rundblick,NN,rundblick,28984,,
qd,w407.0,15407,15443,KELLER,keller,.,$.,--,28984,,
qd,w407.0,16851,16878,KELLER,keller,nickt,VVFIN,nicken,28984,,
qd,w407.0,16851,16878,KELLER,keller,wie,KOKOM,wie,28984,,
qd,w407.0,16851,16878,KELLER,keller,in,APPR,in,28984,,
qd,w407.0,16851,16878,KELLER,keller,Ergriffenheit,NN,ergriffenheit,28984,,
qd,w407.0,16851,16878,KELLER,keller,.,$.,--,28984,,
qd,w407.0,16894,16914,SCHWARTZE,schwartze,vor,APPR,vor,28984,,
qd,w407.0,16894,16914,SCHWARTZE,schwartze,sich,PRF,sich,28984,,
qd,w407.0,16894,16914,SCHWARTZE,schwartze,hinbrütend,ADJD,hinbrütend,28984,,
qd,w407.0,16894,16914,SCHWARTZE,schwartze,.,$.,--,28984,,
qd,w407.0,16951,16965,MARIE,marie,zu,APPR,zu,28984,,
qd,w407.0,16951,16965,MARIE,marie,ihm,PPER,ihm,28984,,
qd,w407.0,16951,16965,MARIE,marie,eilend,ADJD,eilend,28984,,
qd,w407.0,16951,16965,MARIE,marie,.,$.,--,28984,,
qd,w407.0,17849,17874,MAX,max,macht,VVFIN,machen,28984,,
qd,w407.0,17849,17874,MAX,max,Keller,NN,keller,28984,,(3)
qd,w407.0,17849,17874,MAX,max,ein,ART,ein,28984,,
qd,w407.0,17849,17874,MAX,max,Zeichen,NN,zeichen,28984,,
qd,w407.0,17849,17874,MAX,max,.,$.,--,28984,,
qd,w407.0,17887,17893,KELLER,keller,leise,ADJD,leise,28984,,
qd,w407.0,17887,17893,KELLER,keller,.,$.,--,28984,,
qd,w407.0,17911,17917,MAX,max,nickt,VVFIN,nicken,28984,,
qd,w407.0,17911,17917,MAX,max,.,$.,--,28984,,
qd,w407.0,18439,18470,MAX,max,verabschiedet,VVFIN,verabschieden,28984,,
qd,w407.0,18439,18470,MAX,max,sich,PRF,sich,28984,,
qd,w407.0,18439,18470,MAX,max,gleichfalls,ADV,gleichfalls,28984,,
qd,w407.0,18439,18470,MAX,max,.,$.,--,28984,,
qd,w407.0,18610,18643,_Stage,_Stage,Schwartze,NN,schwartze,28984,,(4)
qd,w407.0,18610,18643,_Stage,_Stage,.,$.,--,28984,,
qd,w407.0,18610,18643,_Stage,_Stage,Frau,NN,frau,28984,,(5
qd,w407.0,18610,18643,_Stage,_Stage,Schwartze,NE,schwartze,28984,,5)|(4)
qd,w407.0,18610,18643,_Stage,_Stage,.,$.,--,28984,,
qd,w407.0,18610,18643,_Stage,_Stage,Marie,NE,marie,28984,,(1)
qd,w407.0,18610,18643,_Stage,_Stage,.,$.,--,28984,,
qd,w407.0,18792,18862,FRAU SCHWARTZE,frau_schwartze,macht,VVFIN,machen,28984,,
qd,w407.0,18792,18862,FRAU SCHWARTZE,frau_schwartze,Marie,NE,marie,28984,,(1)
qd,w407.0,18792,18862,FRAU SCHWARTZE,frau_schwartze,ein,ART,ein,28984,,
qd,w407.0,18792,18862,FRAU SCHWARTZE,frau_schwartze,Zeichen,NN,zeichen,28984,,
qd,w407.0,18792,18862,FRAU SCHWARTZE,frau_schwartze,",","$,",--,28984,,
qd,w407.0,18792,18862,FRAU SCHWARTZE,frau_schwartze,sie,PPER,sie,28984,,
qd,w407.0,18792,18862,FRAU SCHWARTZE,frau_schwartze,möge,VMFIN,mögen,28984,,
qd,w407.0,18792,18862,FRAU SCHWARTZE,frau_schwartze,in,APPR,in,28984,,
qd,w407.0,18792,18862,FRAU SCHWARTZE,frau_schwartze,ihren,PPOSAT,ihr,28984,,
qd,w407.0,18792,18862,FRAU SCHWARTZE,frau_schwartze,Äußerungen,NN,äußerung,28984,,
qd,w407.0,18792,18862,FRAU SCHWARTZE,frau_schwartze,vorsichtig,ADJD,vorsichtig,28984,,
qd,w407.0,18792,18862,FRAU SCHWARTZE,frau_schwartze,sein,VAINF,sein,28984,,
qd,w407.0,18792,18862,FRAU SCHWARTZE,frau_schwartze,.,$.,--,28984,,
qd,w407.0,19429,19438,FRAU SCHWARTZE,frau_schwartze,seufzend,ADJD,seufzend,28984,,
qd,w407.0,19429,19438,FRAU SCHWARTZE,frau_schwartze,.,$.,--,28984,,
qd,w407.0,19606,19651,MARIE,marie,die,ART,der,28984,,
qd,w407.0,19606,19651,MARIE,marie,vor,APPR,vor,28984,,
qd,w407.0,19606,19651,MARIE,marie,ihm,PPER,ihm,28984,,
qd,w407.0,19606,19651,MARIE,marie,kniet,VVFIN,knaten,28984,,
qd,w407.0,19606,19651,MARIE,marie,",","$,",--,28984,,
qd,w407.0,19606,19651,MARIE,marie,ihm,PPER,ihm,28984,,
qd,w407.0,19606,19651,MARIE,marie,die,ART,der,28984,,
qd,w407.0,19606,19651,MARIE,marie,Pfeife,NN,pfeif,28984,,
qd,w407.0,19606,19651,MARIE,marie,anzuzünden,VVIZU,anzünden,28984,,
qd,w407.0,19606,19651,MARIE,marie,.,$.,--,28984,,
qd,w407.0,19714,19730,SCHWARTZE,schwartze,sie,PPER,sie,28984,,
qd,w407.0,19714,19730,SCHWARTZE,schwartze,streichelnd,ADJD,streichelnd,28984,,
qd,w407.0,19714,19730,SCHWARTZE,schwartze,.,$.,--,28984,,
qd,w407.0,19974,20037,_Stage,_Stage,Die,ART,der,28984,,
qd,w407.0,19974,20037,_Stage,_Stage,Vorigen,NN,vorige,28984,,
qd,w407.0,19974,20037,_Stage,_Stage,.,$.,--,28984,,
qd,w407.0,19974,20037,_Stage,_Stage,Generalmajor,NN,generalmajor,28984,,
qd,w407.0,19974,20037,_Stage,_Stage,von,APPR,von,28984,,
qd,w407.0,19974,20037,_Stage,_Stage,Klebs,NE,klebs,28984,,
qd,w407.0,19974,20037,_Stage,_Stage,.,$.,--,28984,,
qd,w407.0,19974,20037,_Stage,_Stage,Professor,NN,professor,28984,,(7)
qd,w407.0,19974,20037,_Stage,_Stage,Beckmann,NE,beckmann,28984,,
qd,w407.0,19974,20037,_Stage,_Stage,.,$.,--,28984,,
qd,w407.0,19974,20037,_Stage,_Stage,Marie,NE,marie,28984,,(1)
qd,w407.0,19974,20037,_Stage,_Stage,.,$.,--,28984,,
qd,w407.0,21078,21090,GENERAL,general,Setzen,NN,setzen,28984,,
qd,w407.0,21078,21090,GENERAL,general,sich,PRF,sich,28984,,
qd,w407.0,21078,21090,GENERAL,general,.,$.,--,28984,,
qd,w407.0,22286,22309,GENERAL,general,die,ART,der,28984,,
qd,w407.0,22286,22309,GENERAL,general,Karten,NN,karte,28984,,
qd,w407.0,22286,22309,GENERAL,general,ausbreitend,ADJD,ausbreitend,28984,,
qd,w407.0,22286,22309,GENERAL,general,.,$.,--,28984,,
qd,w407.0,22975,22982,PROFESSOR,professor,eifrig,ADJD,eifrig,28984,,
qd,w407.0,22975,22982,PROFESSOR,professor,.,$.,--,28984,,
qd,w407.0,23080,23201,PROFESSOR,professor,Es,PPER,es,28984,,
qd,w407.0,23080,23201,PROFESSOR,professor,klingelt,VVFIN,klingeln,28984,,
qd,w407.0,23080,23201,PROFESSOR,professor,.,$.,--,28984,,
qd,w407.0,23080,23201,PROFESSOR,professor,Marie,NE,marie,28984,,(1)
qd,w407.0,23080,23201,PROFESSOR,professor,eilt,VVFIN,eilen,28984,,
qd,w407.0,23080,23201,PROFESSOR,professor,hinaus,PTKVZ,hinaus,28984,,
qd,w407.0,23080,23201,PROFESSOR,professor,.,$.,--,28984,,
qd,w407.0,23080,23201,PROFESSOR,professor,General,NN,General,28984,,(6)
qd,w407.0,23080,23201,PROFESSOR,professor,macht,VVFIN,machen,28984,,
qd,w407.0,23080,23201,PROFESSOR,professor,eine,ART,ein,28984,,
qd,w407.0,23080,23201,PROFESSOR,professor,ungeduldige,ADJA,ungeduldig,28984,,
qd,w407.0,23080,23201,PROFESSOR,professor,Bewegung,NN,bewegung,28984,,
qd,w407.0,23080,23201,PROFESSOR,professor,.,$.,--,28984,,
qd,w407.0,23080,23201,PROFESSOR,professor,Schwartze,NN,schwartze,28984,,(4)
qd,w407.0,23080,23201,PROFESSOR,professor,beruhigt,ADJD,beruhigen,28984,,
qd,w407.0,23080,23201,PROFESSOR,professor,ihn,PPER,ihn,28984,,
qd,w407.0,23080,23201,PROFESSOR,professor,.,$.,--,28984,,
qd,w407.0,23080,23201,PROFESSOR,professor,Sie,PPER,sie,28984,,
qd,w407.0,23080,23201,PROFESSOR,professor,beginnen,VVFIN,beginnen,28984,,
qd,w407.0,23080,23201,PROFESSOR,professor,zu,PTKZU,zu,28984,,
qd,w407.0,23080,23201,PROFESSOR,professor,spielen,VVINF,spielen,28984,,
qd,w407.0,23080,23201,PROFESSOR,professor,.,$.,--,28984,,
qd,w407.0,23244,23302,_Stage,_Stage,Die,ART,der,28984,,
qd,w407.0,23244,23302,_Stage,_Stage,Vorigen,NN,vorige,28984,,
qd,w407.0,23244,23302,_Stage,_Stage,.,$.,--,28984,,
qd,w407.0,23244,23302,_Stage,_Stage,Franziska,NE,franziska,28984,,(8)
qd,w407.0,23244,23302,_Stage,_Stage,von,APPR,von,28984,,
qd,w407.0,23244,23302,_Stage,_Stage,Wendlowski,NE,wendlowski,28984,,
qd,w407.0,23244,23302,_Stage,_Stage,.,$.,--,28984,,
qd,w407.0,23244,23302,_Stage,_Stage,Später,ADJD,spät,28984,,
qd,w407.0,23244,23302,_Stage,_Stage,der,ART,der,28984,,
qd,w407.0,23244,23302,_Stage,_Stage,Pfarrer,NN,pfarrer,28984,,(9)
qd,w407.0,23244,23302,_Stage,_Stage,.,$.,--,28984,,
qd,w407.0,23457,23494,FRANZISKA,franziska,die,ART,der,28984,,
qd,w407.0,23457,23494,FRANZISKA,franziska,sich,PRF,sich,28984,,
qd,w407.0,23457,23494,FRANZISKA,franziska,in,APPR,in,28984,,
qd,w407.0,23457,23494,FRANZISKA,franziska,einen,ART,ein,28984,,
qd,w407.0,23457,23494,FRANZISKA,franziska,Stuhl,NN,stuhl,28984,,
qd,w407.0,23457,23494,FRANZISKA,franziska,geworfen,VVPP,werfen,28984,,
qd,w407.0,23457,23494,FRANZISKA,franziska,hat,VAFIN,haben,28984,,
qd,w407.0,23457,23494,FRANZISKA,franziska,.,$.,--,28984,,
qd,w407.0,25127,25173,_Stage,_Stage,Schwartze,NN,schwartze,28984,,(4)
qd,w407.0,25127,25173,_Stage,_Stage,.,$.,--,28984,,
qd,w407.0,25127,25173,_Stage,_Stage,Frau,NN,frau,28984,,(5
qd,w407.0,25127,25173,_Stage,_Stage,Schwartze,NE,schwartze,28984,,5)|(4)
qd,w407.0,25127,25173,_Stage,_Stage,.,$.,--,28984,,
qd,w407.0,25127,25173,_Stage,_Stage,Pfarrer,NN,pfarrer,28984,,(9)
qd,w407.0,25127,25173,_Stage,_Stage,.,$.,--,28984,,
qd,w407.0,25127,25173,_Stage,_Stage,Franziska,NE,franziska,28984,,(8)
qd,w407.0,25127,25173,_Stage,_Stage,.,$.,--,28984,,
qd,w407.0,25609,25635,FRANZISKA,franziska,nachdem,KOUS,nachdem,28984,,
qd,w407.0,25609,25635,FRANZISKA,franziska,sie,PPER,sie,28984,,
qd,w407.0,25609,25635,FRANZISKA,franziska,getrunken,VVPP,trinken,28984,,
qd,w407.0,25609,25635,FRANZISKA,franziska,hat,VAFIN,haben,28984,,
qd,w407.0,25609,25635,FRANZISKA,franziska,.,$.,--,28984,,
qd,w407.0,26024,26035,FRANZISKA,franziska,schmelzend,ADJD,schmelzend,28984,,
qd,w407.0,26024,26035,FRANZISKA,franziska,.,$.,--,28984,,
qd,w407.0,26259,26266,SCHWARTZE,schwartze,zornig,ADV,zornig,28984,,
qd,w407.0,26259,26266,SCHWARTZE,schwartze,.,$.,--,28984,,
qd,w407.0,26656,26671,FRANZISKA,franziska,aufschluchzend,ADJD,aufschluchzend,28984,,
qd,w407.0,26656,26671,FRANZISKA,franziska,.,$.,--,28984,,
qd,w407.0,26807,26828,SCHWARTZE,schwartze,der,ART,der,28984,,
qd,w407.0,26807,26828,SCHWARTZE,schwartze,sich,PRF,sich,28984,,
qd,w407.0,26807,26828,SCHWARTZE,schwartze,zuerst,ADV,zuerst,28984,,
qd,w407.0,26807,26828,SCHWARTZE,schwartze,faßt,VVFIN,fassen,28984,,
qd,w407.0,26807,26828,SCHWARTZE,schwartze,.,$.,--,28984,,
qd,w407.0,26882,26893,SCHWARTZE,schwartze,aufstehend,ADJD,aufstehend,28984,,
qd,w407.0,26882,26893,SCHWARTZE,schwartze,.,$.,--,28984,,
qd,w407.0,27224,27233,SCHWARTZE,schwartze,verwirrt,VVPP,verwirren,28984,,
qd,w407.0,27224,27233,SCHWARTZE,schwartze,.,$.,--,28984,,
qd,w407.0,27256,27280,SCHWARTZE,schwartze,Pfarrer,NN,pfarrer,28984,,(9)
qd,w407.0,27256,27280,SCHWARTZE,schwartze,winkt,VVFIN,winken,28984,,
qd,w407.0,27256,27280,SCHWARTZE,schwartze,Franziska,NE,franziska,28984,,(8)
qd,w407.0,27256,27280,SCHWARTZE,schwartze,.,$.,--,28984,,
qd,w407.0,30184,30195,SCHWARTZE,schwartze,auffahrend,ADJD,auffahrend,28984,,
qd,w407.0,30184,30195,SCHWARTZE,schwartze,.,$.,--,28984,,
qd,w407.0,30225,30236,PFARRER,pfarrer,freundlich,ADJD,freundlich,28984,,
qd,w407.0,30225,30236,PFARRER,pfarrer,.,$.,--,28984,,
qd,w407.0,31037,31077,FRANZISKA,franziska,Pfarrer,NN,pfarrer,28984,,(9)
qd,w407.0,31037,31077,FRANZISKA,franziska,nickt,VVFIN,nicken,28984,,
qd,w407.0,31037,31077,FRANZISKA,franziska,ihr,PPER,ihr,28984,,
qd,w407.0,31037,31077,FRANZISKA,franziska,",","$,",--,28984,,
qd,w407.0,31037,31077,FRANZISKA,franziska,sie,PPER,sie,28984,,
qd,w407.0,31037,31077,FRANZISKA,franziska,solle,VMFIN,sollen,28984,,
qd,w407.0,31037,31077,FRANZISKA,franziska,still,ADJD,still,28984,,
qd,w407.0,31037,31077,FRANZISKA,franziska,sein,VAINF,sein,28984,,
qd,w407.0,31037,31077,FRANZISKA,franziska,.,$.,--,28984,,
qd,w407.0,31494,31503,PFARRER,pfarrer,betreten,VVFIN,betreten,28984,,
qd,w407.0,31494,31503,PFARRER,pfarrer,.,$.,--,28984,,
qd,w407.0,31595,31643,_Stage,_Stage,Die,ART,der,28984,,
qd,w407.0,31595,31643,_Stage,_Stage,Vorigen,NN,vorige,28984,,
qd,w407.0,31595,31643,_Stage,_Stage,.,$.,--,28984,,
qd,w407.0,31595,31643,_Stage,_Stage,Marie,NE,marie,28984,,(1)
qd,w407.0,31595,31643,_Stage,_Stage,mit,APPR,mit,28984,,
qd,w407.0,31595,31643,_Stage,_Stage,dem,ART,der,28984,,
qd,w407.0,31595,31643,_Stage,_Stage,Blumenkorbe,NN,blumenkorbe,28984,,
qd,w407.0,31595,31643,_Stage,_Stage,.,$.,--,28984,,
qd,w407.0,31595,31643,_Stage,_Stage,Therese,NE,therese,28984,,(0)
qd,w407.0,31595,31643,_Stage,_Stage,.,$.,--,28984,,
qd,w407.0,31725,31739,SCHWARTZE,schwartze,sich,PRF,sich,28984,,
qd,w407.0,31725,31739,SCHWARTZE,schwartze,sammelnd,ADJD,sammelnd,28984,,
qd,w407.0,31725,31739,SCHWARTZE,schwartze,.,$.,--,28984,,
qd,w407.0,32042,32069,MARIE,marie,Die,ART,der,28984,,
qd,w407.0,32042,32069,MARIE,marie,andern,ADJD,anderer,28984,,
qd,w407.0,32042,32069,MARIE,marie,wechseln,VVFIN,wechseln,28984,,
qd,w407.0,32042,32069,MARIE,marie,Blicke,NN,blick,28984,,
qd,w407.0,32042,32069,MARIE,marie,.,$.,--,28984,,
qd,w407.0,32293,32371,PFARRER,pfarrer,führt,VVFIN,führen,28984,,
qd,w407.0,32293,32371,PFARRER,pfarrer,Marie,NE,marie,28984,,(1)
qd,w407.0,32293,32371,PFARRER,pfarrer,mit,APPR,mit,28984,,
qd,w407.0,32293,32371,PFARRER,pfarrer,dem,ART,der,28984,,
qd,w407.0,32293,32371,PFARRER,pfarrer,Blumenkorbe,NN,blumenkorbe,28984,,
qd,w407.0,32293,32371,PFARRER,pfarrer,heran,PTKVZ,heran,28984,,
qd,w407.0,32293,32371,PFARRER,pfarrer,und,KON,und,28984,,
qd,w407.0,32293,32371,PFARRER,pfarrer,legt,VVFIN,legen,28984,,
qd,w407.0,32293,32371,PFARRER,pfarrer,Schwartze,NN,schwartze,28984,,(4)
qd,w407.0,32293,32371,PFARRER,pfarrer,die,ART,der,28984,,
qd,w407.0,32293,32371,PFARRER,pfarrer,Hand,NN,hand,28984,,
qd,w407.0,32293,32371,PFARRER,pfarrer,auf,APPR,auf,28984,,
qd,w407.0,32293,32371,PFARRER,pfarrer,den,ART,der,28984,,
qd,w407.0,32293,32371,PFARRER,pfarrer,Arm,NN,arm,28984,,
qd,w407.0,32293,32371,PFARRER,pfarrer,.,$.,--,28984,,
qd,w407.0,32422,32444,SCHWARTZE,schwartze,die,ART,der,28984,,
qd,w407.0,32422,32444,SCHWARTZE,schwartze,Blumen,NN,blume,28984,,
qd,w407.0,32422,32444,SCHWARTZE,schwartze,anstarrend,ADJD,anstarrend,28984,,
qd,w407.0,32422,32444,SCHWARTZE,schwartze,.,$.,--,28984,,
qd,w407.0,33234,33259,_Stage,_Stage,Die,ART,der,28984,,
qd,w407.0,33234,33259,_Stage,_Stage,Vorigen,NN,vorige,28984,,
qd,w407.0,33234,33259,_Stage,_Stage,ohne,APPR,ohne,28984,,
qd,w407.0,33234,33259,_Stage,_Stage,Therese,NN,therese,28984,,(0)
qd,w407.0,33234,33259,_Stage,_Stage,.,$.,--,28984,,
qd,w407.0,33522,33542,SCHWARTZE,schwartze,verstört,ADJD,verstören,28984,,
qd,w407.0,33522,33542,SCHWARTZE,schwartze,auffahrend,ADJD,auffahrend,28984,,
qd,w407.0,33522,33542,SCHWARTZE,schwartze,.,$.,--,28984,,
qd,w407.0,33676,33689,MARIE,marie,aufschreiend,ADJD,aufschreiend,28984,,
qd,w407.0,33676,33689,MARIE,marie,.,$.,--,28984,,
qd,w407.0,34504,34529,SCHWARTZE,schwartze,gequält,VVPP,quälen,28984,,
qd,w407.0,34504,34529,SCHWARTZE,schwartze,und,KON,und,28984,,
qd,w407.0,34504,34529,SCHWARTZE,schwartze,halb,ADJD,halb,28984,,
qd,w407.0,34504,34529,SCHWARTZE,schwartze,besiegt,VVPP,besiegen,28984,,
qd,w407.0,34504,34529,SCHWARTZE,schwartze,.,$.,--,28984,,
qd,w407.0,35678,35708,PFARRER,pfarrer,streckt,VVFIN,strecken,28984,,
qd,w407.0,35678,35708,PFARRER,pfarrer,ihm,PPER,ihm,28984,,
qd,w407.0,35678,35708,PFARRER,pfarrer,die,ART,der,28984,,
qd,w407.0,35678,35708,PFARRER,pfarrer,Hand,NN,hand,28984,,
qd,w407.0,35678,35708,PFARRER,pfarrer,entgegen,PTKVZ,entgegen,28984,,
qd,w407.0,35678,35708,PFARRER,pfarrer,.,$.,--,28984,,
qd,w407.0,35724,35748,SCHWARTZE,schwartze,ihn,PPER,ihn,28984,,
qd,w407.0,35724,35748,SCHWARTZE,schwartze,festhaltend,ADJD,festhaltend,28984,,
qd,w407.0,35724,35748,SCHWARTZE,schwartze,",","$,",--,28984,,
qd,w407.0,35724,35748,SCHWARTZE,schwartze,leiser,ADJD,leise,28984,,
qd,w407.0,35724,35748,SCHWARTZE,schwartze,.,$.,--,28984,,
qd,w407.0,36181,36241,MARIE,marie,will,VMFIN,wollen,28984,,
qd,w407.0,36181,36241,MARIE,marie,sich,PRF,sich,28984,,
qd,w407.0,36181,36241,MARIE,marie,jubelnd,ADJD,jubelnd,28984,,
qd,w407.0,36181,36241,MARIE,marie,und,KON,und,28984,,
qd,w407.0,36181,36241,MARIE,marie,weinend,ADJD,weinend,28984,,
qd,w407.0,36181,36241,MARIE,marie,dem,ART,der,28984,,
qd,w407.0,36181,36241,MARIE,marie,Vater,NN,vater,28984,,
qd,w407.0,36181,36241,MARIE,marie,an,APPR,an,28984,,
qd,w407.0,36181,36241,MARIE,marie,die,ART,der,28984,,
qd,w407.0,36181,36241,MARIE,marie,Brust,NN,brust,28984,,
qd,w407.0,36181,36241,MARIE,marie,werfen,VVINF,werfen,28984,,
qd,w407.0,36181,36241,MARIE,marie,.,$.,--,28984,,
qd,w407.0,36244,36262,MARIE,marie,Der,ART,der,28984,,
qd,w407.0,36244,36262,MARIE,marie,Vorhang,NN,vorhang,28984,,
qd,w407.0,36244,36262,MARIE,marie,fällt,VVFIN,fallen,28984,,
qd,w407.0,36244,36262,MARIE,marie,.,$.,--,28984,,
qd,w407.0,36320,36335,_Stage,_Stage,Marie,NE,marie,28984,,(1)
qd,w407.0,36320,36335,_Stage,_Stage,.,$.,--,28984,,
qd,w407.0,36320,36335,_Stage,_Stage,Therese,NE,therese,28984,,(0)
qd,w407.0,36320,36335,_Stage,_Stage,.,$.,--,28984,,
qd,w407.0,36347,36381,THERESE,therese,trägt,VVFIN,tragen,28984,,
qd,w407.0,36347,36381,THERESE,therese,eine,ART,ein,28984,,
qd,w407.0,36347,36381,THERESE,therese,brennende,ADJA,brennend,28984,,
qd,w407.0,36347,36381,THERESE,therese,Lampe,NN,lampe,28984,,
qd,w407.0,36347,36381,THERESE,therese,herein,PTKVZ,herein,28984,,
qd,w407.0,36347,36381,THERESE,therese,.,$.,--,28984,,
qd,w407.0,36481,36522,MARIE,marie,die,ART,der,28984,,
qd,w407.0,36481,36522,MARIE,marie,am,APPRART,an,28984,,
qd,w407.0,36481,36522,MARIE,marie,Fenster,NN,fenster,28984,,
qd,w407.0,36481,36522,MARIE,marie,gestanden,VVPP,gestehen,28984,,
qd,w407.0,36481,36522,MARIE,marie,hat,VAFIN,haben,28984,,
qd,w407.0,36481,36522,MARIE,marie,",","$,",--,28984,,
qd,w407.0,36481,36522,MARIE,marie,auffahrend,ADJD,auffahrend,28984,,
qd,w407.0,36481,36522,MARIE,marie,.,$.,--,28984,,
qd,w407.0,37237,37259,_Stage,_Stage,Marie,NE,marie,28984,,(1)
qd,w407.0,37237,37259,_Stage,_Stage,.,$.,--,28984,,
qd,w407.0,37237,37259,_Stage,_Stage,Frau,NN,frau,28984,,(5
qd,w407.0,37237,37259,_Stage,_Stage,Schwartze,NE,schwartze,28984,,5)|(4)
qd,w407.0,37237,37259,_Stage,_Stage,.,$.,--,28984,,
qd,w407.0,38503,38526,_Stage,_Stage,Die,ART,der,28984,,
qd,w407.0,38503,38526,_Stage,_Stage,Vorigen,NN,vorige,28984,,
qd,w407.0,38503,38526,_Stage,_Stage,.,$.,--,28984,,
qd,w407.0,38503,38526,_Stage,_Stage,Franziska,NE,franziska,28984,,(8)
qd,w407.0,38503,38526,_Stage,_Stage,.,$.,--,28984,,
qd,w407.0,38540,38550,FRANZISKA,franziska,ängstlich,ADJD,ängstlich,28984,,
qd,w407.0,38540,38550,FRANZISKA,franziska,.,$.,--,28984,,
qd,w407.0,38841,38859,FRAU SCHWARTZE,frau_schwartze,kläglich,ADJD,kläglich,28984,,
qd,w407.0,38841,38859,FRAU SCHWARTZE,frau_schwartze,zu,PTKZU,zu,28984,,
qd,w407.0,38841,38859,FRAU SCHWARTZE,frau_schwartze,Marie,VVINF,marie,28984,,(1)
qd,w407.0,38841,38859,FRAU SCHWARTZE,frau_schwartze,.,$.,--,28984,,
qd,w407.0,40031,40067,_Stage,_Stage,Die,ART,der,28984,,
qd,w407.0,40031,40067,_Stage,_Stage,Vorigen,NN,vorige,28984,,
qd,w407.0,40031,40067,_Stage,_Stage,.,$.,--,28984,,
qd,w407.0,40031,40067,_Stage,_Stage,Therese,NN,therese,28984,,(0)
qd,w407.0,40031,40067,_Stage,_Stage,sehr,ADV,sehr,28984,,
qd,w407.0,40031,40067,_Stage,_Stage,aufgeregt,ADJD,aufgeregt,28984,,
qd,w407.0,40031,40067,_Stage,_Stage,.,$.,--,28984,,
qd,w407.0,40172,40182,MARIE,marie,ängstlich,ADJD,ängstlich,28984,,
qd,w407.0,40172,40182,MARIE,marie,.,$.,--,28984,,
qd,w407.0,40440,40466,MARIE,marie,an,APPR,an,28984,,
qd,w407.0,40440,40466,MARIE,marie,die,ART,der,28984,,
qd,w407.0,40440,40466,MARIE,marie,Thür,NN,thür,28984,,
qd,w407.0,40440,40466,MARIE,marie,links,ADV,links,28984,,
qd,w407.0,40440,40466,MARIE,marie,pochend,ADJD,pochend,28984,,
qd,w407.0,40440,40466,MARIE,marie,.,$.,--,28984,,
qd,w407.0,40521,40558,MARIE,marie,Therese,NN,therese,28984,,(0)
qd,w407.0,40521,40558,MARIE,marie,auf,APPR,auf,28984,,
qd,w407.0,40521,40558,MARIE,marie,einen,ART,ein,28984,,
qd,w407.0,40521,40558,MARIE,marie,Wink,NN,wink,28984,,
qd,w407.0,40521,40558,MARIE,marie,Franziskas,NN,franziskas,28984,,
qd,w407.0,40521,40558,MARIE,marie,ab,PTKVZ,ab,28984,,
qd,w407.0,40521,40558,MARIE,marie,.,$.,--,28984,,
qd,w407.0,40601,40645,_Stage,_Stage,Franziska,NE,franziska,28984,,(8)
qd,w407.0,40601,40645,_Stage,_Stage,.,$.,--,28984,,
qd,w407.0,40601,40645,_Stage,_Stage,Marie,NE,marie,28984,,(1)
qd,w407.0,40601,40645,_Stage,_Stage,.,$.,--,28984,,
qd,w407.0,40601,40645,_Stage,_Stage,Frau,NN,frau,28984,,(5
qd,w407.0,40601,40645,_Stage,_Stage,Schwartze,NE,schwartze,28984,,5)|(4)
qd,w407.0,40601,40645,_Stage,_Stage,.,$.,--,28984,,
qd,w407.0,40601,40645,_Stage,_Stage,Schwartze,NN,schwartze,28984,,(4)
qd,w407.0,40601,40645,_Stage,_Stage,.,$.,--,28984,,
qd,w407.0,40932,40946,MARIE,marie,verschüchtert,VVPP,verschüchtern,28984,,
qd,w407.0,40932,40946,MARIE,marie,.,$.,--,28984,,
qd,w407.0,41385,41398,MARIE,marie,aufschreiend,ADJD,aufschreiend,28984,,
qd,w407.0,41385,41398,MARIE,marie,.,$.,--,28984,,
qd,w407.0,41535,41567,FRANZISKA,franziska,Schwartze,NN,schwartze,28984,,(4)
qd,w407.0,41535,41567,FRANZISKA,franziska,und,KON,und,28984,,
qd,w407.0,41535,41567,FRANZISKA,franziska,Frau,NN,frau,28984,,(5
qd,w407.0,41535,41567,FRANZISKA,franziska,Schwartze,NN,schwartze,28984,,5)|(4)
qd,w407.0,41535,41567,FRANZISKA,franziska,ab,PTKVZ,ab,28984,,
qd,w407.0,41535,41567,FRANZISKA,franziska,.,$.,--,28984,,
qd,w407.0,41612,41629,_Stage,_Stage,Marie,NE,marie,28984,,(1)
qd,w407.0,41612,41629,_Stage,_Stage,.,$.,--,28984,,
qd,w407.0,41612,41629,_Stage,_Stage,Franziska,NE,franziska,28984,,(8)
qd,w407.0,41612,41629,_Stage,_Stage,.,$.,--,28984,,
qd,w407.0,42511,42517,MARIE,marie,Pause,NN,pause,28984,,
qd,w407.0,42511,42517,MARIE,marie,.,$.,--,28984,,
qd,w407.0,42520,42562,MARIE,marie,Draußen,PROAV,draußen,28984,,
qd,w407.0,42520,42562,MARIE,marie,die,ART,der,28984,,
qd,w407.0,42520,42562,MARIE,marie,Stimmen,NN,stimme,28984,,
qd,w407.0,42520,42562,MARIE,marie,Magdas,NE,magda,28984,,
qd,w407.0,42520,42562,MARIE,marie,und,KON,und,28984,,
qd,w407.0,42520,42562,MARIE,marie,der,ART,der,28984,,
qd,w407.0,42520,42562,MARIE,marie,Eltern,NN,eltern,28984,,
qd,w407.0,42520,42562,MARIE,marie,.,$.,--,28984,,
qd,w407.0,42608,42658,_Stage,_Stage,Die,ART,der,28984,,
qd,w407.0,42608,42658,_Stage,_Stage,Vorigen,NN,vorige,28984,,
qd,w407.0,42608,42658,_Stage,_Stage,.,$.,--,28984,,
qd,w407.0,42608,42658,_Stage,_Stage,Magdalene,NN,magdalene,28984,,
qd,w407.0,42608,42658,_Stage,_Stage,.,$.,--,28984,,
qd,w407.0,42608,42658,_Stage,_Stage,Schwartze,NN,schwartze,28984,,(4)
qd,w407.0,42608,42658,_Stage,_Stage,.,$.,--,28984,,
qd,w407.0,42608,42658,_Stage,_Stage,Frau,NN,frau,28984,,(5
qd,w407.0,42608,42658,_Stage,_Stage,Schwartze,NE,schwartze,28984,,5)|(4)
qd,w407.0,42608,42658,_Stage,_Stage,.,$.,--,28984,,
qd,w407.0,42668,42825,MAGDA,magda,in,APPR,in,28984,,
qd,w407.0,42668,42825,MAGDA,magda,glänzendem,ADJA,glänzend,28984,,
qd,w407.0,42668,42825,MAGDA,magda,Gesellschaftskostüm,NN,gesellschaftskostüm,28984,,
qd,w407.0,42668,42825,MAGDA,magda,",","$,",--,28984,,
qd,w407.0,42668,42825,MAGDA,magda,einen,ART,ein,28984,,
qd,w407.0,42668,42825,MAGDA,magda,weiten,ADJA,weit,28984,,
qd,w407.0,42668,42825,MAGDA,magda,Mantel,NN,mantel,28984,,
qd,w407.0,42668,42825,MAGDA,magda,darüber,PROAV,darüber,28984,,
qd,w407.0,42668,42825,MAGDA,magda,–,XY,–,28984,,
qd,w407.0,42668,42825,MAGDA,magda,einen,ART,ein,28984,,
qd,w407.0,42668,42825,MAGDA,magda,spanischen,ADJA,spanisch,28984,,
qd,w407.0,42668,42825,MAGDA,magda,Schleier,NN,schleier,28984,,
qd,w407.0,42668,42825,MAGDA,magda,über,APPR,über,28984,,
qd,w407.0,42668,42825,MAGDA,magda,das,ART,der,28984,,
qd,w407.0,42668,42825,MAGDA,magda,Haar,NN,haar,28984,,
qd,w407.0,42668,42825,MAGDA,magda,geworfen,VVPP,werfen,28984,,
qd,w407.0,42668,42825,MAGDA,magda,–,XY,–,28984,,
qd,w407.0,42668,42825,MAGDA,magda,stürzt,VVFIN,stürzen,28984,,
qd,w407.0,42668,42825,MAGDA,magda,mit,APPR,mit,28984,,
qd,w407.0,42668,42825,MAGDA,magda,einem,ART,ein,28984,,
qd,w407.0,42668,42825,MAGDA,magda,Aufschrei,NN,aufschrei,28984,,
qd,w407.0,42668,42825,MAGDA,magda,auf,APPR,auf,28984,,
qd,w407.0,42668,42825,MAGDA,magda,Marie,NN,marie,28984,,(1)
qd,w407.0,42668,42825,MAGDA,magda,los,PTKVZ,los,28984,,
qd,w407.0,42668,42825,MAGDA,magda,.,$.,--,28984,,
qd,w407.0,43271,43314,SCHWARTZE,schwartze,ihr,PPOSAT,ihr,28984,,
qd,w407.0,43271,43314,SCHWARTZE,schwartze,leise,ADJD,leise,28984,,
qd,w407.0,43271,43314,SCHWARTZE,schwartze,die,ART,der,28984,,
qd,w407.0,43271,43314,SCHWARTZE,schwartze,Hand,NN,hand,28984,,
qd,w407.0,43271,43314,SCHWARTZE,schwartze,auf,APPR,auf,28984,,
qd,w407.0,43271,43314,SCHWARTZE,schwartze,die,ART,der,28984,,
qd,w407.0,43271,43314,SCHWARTZE,schwartze,Schulter,NN,schulter,28984,,
qd,w407.0,43271,43314,SCHWARTZE,schwartze,legend,ADJD,legend,28984,,
qd,w407.0,43271,43314,SCHWARTZE,schwartze,.,$.,--,28984,,
qd,w407.0,45492,45547,FRANZISKA,franziska,die,ART,der,28984,,
qd,w407.0,45492,45547,FRANZISKA,franziska,schon,ADV,schon,28984,,
qd,w407.0,45492,45547,FRANZISKA,franziska,lange,ADV,lange,28984,,
qd,w407.0,45492,45547,FRANZISKA,franziska,versucht,VVPP,versuchen,28984,,
qd,w407.0,45492,45547,FRANZISKA,franziska,hat,VAFIN,haben,28984,,
qd,w407.0,45492,45547,FRANZISKA,franziska,",","$,",--,28984,,
qd,w407.0,45492,45547,FRANZISKA,franziska,sich,PRF,sich,28984,,
qd,w407.0,45492,45547,FRANZISKA,franziska,bemerkbar,ADJD,bemerkbar,28984,,
qd,w407.0,45492,45547,FRANZISKA,franziska,zu,PTKZU,zu,28984,,
qd,w407.0,45492,45547,FRANZISKA,franziska,machen,VVINF,machen,28984,,
qd,w407.0,45492,45547,FRANZISKA,franziska,.,$.,--,28984,,
qd,w407.0,46266,46289,MARIE,marie,die,ART,der,28984,,
qd,w407.0,46266,46289,MARIE,marie,ihr,PPOSAT,ihr,28984,,
qd,w407.0,46266,46289,MARIE,marie,ins,APPRART,in,28984,,
qd,w407.0,46266,46289,MARIE,marie,Wort,NN,wort,28984,,
qd,w407.0,46266,46289,MARIE,marie,fällt,VVFIN,fallen,28984,,
qd,w407.0,46266,46289,MARIE,marie,.,$.,--,28984,,
qd,w407.0,46819,46830,MAGDA,magda,auffahrend,ADJD,auffahrend,28984,,
qd,w407.0,46819,46830,MAGDA,magda,.,$.,--,28984,,
qd,w407.0,49128,49149,SCHWARTZE,schwartze,nach,APPR,nach,28984,,
qd,w407.0,49128,49149,SCHWARTZE,schwartze,einem,ART,ein,28984,,
qd,w407.0,49128,49149,SCHWARTZE,schwartze,Schweigen,NN,schweigen,28984,,
qd,w407.0,49128,49149,SCHWARTZE,schwartze,.,$.,--,28984,,
qd,w407.0,50157,50165,MAGDA,magda,bittend,ADJD,bittend,28984,,
qd,w407.0,50157,50165,MAGDA,magda,.,$.,--,28984,,
qd,w407.0,50387,50408,MAGDA,magda,ihren,PPOSAT,ihr,28984,,
qd,w407.0,50387,50408,MAGDA,magda,Mantel,NN,mantel,28984,,
qd,w407.0,50387,50408,MAGDA,magda,nehmend,ADJD,nehmend,28984,,
qd,w407.0,50387,50408,MAGDA,magda,.,$.,--,28984,,
qd,w407.0,50905,50930,_Stage,_Stage,Die,ART,der,28984,,
qd,w407.0,50905,50930,_Stage,_Stage,Vorigen,NN,vorige,28984,,
qd,w407.0,50905,50930,_Stage,_Stage,.,$.,--,28984,,
qd,w407.0,50905,50930,_Stage,_Stage,Der,ART,der,28984,,
qd,w407.0,50905,50930,_Stage,_Stage,Pfarrer,NN,pfarrer,28984,,(9)
qd,w407.0,50905,50930,_Stage,_Stage,.,$.,--,28984,,
qd,w407.0,50942,50995,PFARRER,pfarrer,tritt,VVFIN,treten,28984,,
qd,w407.0,50942,50995,PFARRER,pfarrer,ein,PTKVZ,ein,28984,,
qd,w407.0,50942,50995,PFARRER,pfarrer,",","$,",--,28984,,
qd,w407.0,50942,50995,PFARRER,pfarrer,stutzt,VVFIN,stutzen,28984,,
qd,w407.0,50942,50995,PFARRER,pfarrer,und,KON,und,28984,,
qd,w407.0,50942,50995,PFARRER,pfarrer,zwingt,VVFIN,zwingen,28984,,
qd,w407.0,50942,50995,PFARRER,pfarrer,seine,PPOSAT,sein,28984,,
qd,w407.0,50942,50995,PFARRER,pfarrer,Bewegung,NN,bewegung,28984,,
qd,w407.0,50942,50995,PFARRER,pfarrer,herunter,PTKVZ,herunter,28984,,
qd,w407.0,50942,50995,PFARRER,pfarrer,.,$.,--,28984,,
qd,w407.0,51007,51026,MAGDA,magda,ihn,PPER,ihn,28984,,
qd,w407.0,51007,51026,MAGDA,magda,lorgnettierend,ADJD,lorgnettierend,28984,,
qd,w407.0,51007,51026,MAGDA,magda,.,$.,--,28984,,
qd,w407.0,51205,51214,MAGDA,magda,höhnisch,ADJD,höhnisch,28984,,
qd,w407.0,51205,51214,MAGDA,magda,.,$.,--,28984,,
qd,w407.0,51339,51352,SCHWARTZE,schwartze,rasch,ADJD,rasch,28984,,
qd,w407.0,51339,51352,SCHWARTZE,schwartze,",","$,",--,28984,,
qd,w407.0,51339,51352,SCHWARTZE,schwartze,leise,ADJD,leise,28984,,
qd,w407.0,51339,51352,SCHWARTZE,schwartze,.,$.,--,28984,,
qd,w407.0,51475,51502,PFARRER,pfarrer,sich,PRF,sich,28984,,
qd,w407.0,51475,51502,PFARRER,pfarrer,bezwingend,ADJD,bezwingend,28984,,
qd,w407.0,51475,51502,PFARRER,pfarrer,–,XY,–,28984,,
qd,w407.0,51475,51502,PFARRER,pfarrer,befangen,VVINF,befangen,28984,,
qd,w407.0,51475,51502,PFARRER,pfarrer,.,$.,--,28984,,
qd,w407.0,51822,51831,MAGDA,magda,ironisch,ADJD,ironisch,28984,,
qd,w407.0,51822,51831,MAGDA,magda,.,$.,--,28984,,
qd,w407.0,51945,52008,MAGDA,magda,streichelt,VVFIN,streicheln,28984,,
qd,w407.0,51945,52008,MAGDA,magda,sie,PPER,sie,28984,,
qd,w407.0,51945,52008,MAGDA,magda,und,KON,und,28984,,
qd,w407.0,51945,52008,MAGDA,magda,blickt,VVFIN,blicken,28984,,
qd,w407.0,51945,52008,MAGDA,magda,dann,ADV,dann,28984,,
qd,w407.0,51945,52008,MAGDA,magda,überlegend,ADJD,überlegend,28984,,
qd,w407.0,51945,52008,MAGDA,magda,von,APPR,von,28984,,
qd,w407.0,51945,52008,MAGDA,magda,einem,ART,ein,28984,,
qd,w407.0,51945,52008,MAGDA,magda,zum,APPRART,zu,28984,,
qd,w407.0,51945,52008,MAGDA,magda,andern,VVINF,anderer,28984,,
qd,w407.0,51945,52008,MAGDA,magda,.,$.,--,28984,,
qd,w407.0,52104,52120,MARIE,marie,dankt,VVFIN,danken,28984,,
qd,w407.0,52104,52120,MARIE,marie,ihr,PPOSAT,ihr,28984,,
qd,w407.0,52104,52120,MARIE,marie,stumm,ADJD,stumm,28984,,
qd,w407.0,52104,52120,MARIE,marie,.,$.,--,28984,,
qd,w407.0,52136,52160,FRANZISKA,franziska,leise,ADJD,leise,28984,,
qd,w407.0,52136,52160,FRANZISKA,franziska,zu,APPR,zu,28984,,
qd,w407.0,52136,52160,FRANZISKA,franziska,Frau,NN,frau,28984,,(5
qd,w407.0,52136,52160,FRANZISKA,franziska,Schwartze,NE,schwartze,28984,,5)|(4)
qd,w407.0,52136,52160,FRANZISKA,franziska,.,$.,--,28984,,
qd,w407.0,52343,52383,PFARRER,pfarrer,macht,VVFIN,machen,28984,,
qd,w407.0,52343,52383,PFARRER,pfarrer,eine,ART,ein,28984,,
qd,w407.0,52343,52383,PFARRER,pfarrer,Geberde,NN,geberde,28984,,
qd,w407.0,52343,52383,PFARRER,pfarrer,des,ART,der,28984,,
qd,w407.0,52343,52383,PFARRER,pfarrer,Zweifels,NN,zweifel,28984,,
qd,w407.0,52343,52383,PFARRER,pfarrer,an,APPR,an,28984,,
qd,w407.0,52343,52383,PFARRER,pfarrer,sich,PRF,sich,28984,,
qd,w407.0,52343,52383,PFARRER,pfarrer,.,$.,--,28984,,
qd,w407.0,52431,52439,MARIE,marie,Alle,PIDAT,alle,28984,,
qd,w407.0,52431,52439,MARIE,marie,ab,PTKVZ,ab,28984,,
qd,w407.0,52431,52439,MARIE,marie,.,$.,--,28984,,
qd,w407.0,52483,52502,_Stage,_Stage,Der,ART,der,28984,,
qd,w407.0,52483,52502,_Stage,_Stage,Pfarrer,NN,pfarrer,28984,,(9)
qd,w407.0,52483,52502,_Stage,_Stage,.,$.,--,28984,,
qd,w407.0,52483,52502,_Stage,_Stage,Magda,NE,magda,28984,,(10)
qd,w407.0,52483,52502,_Stage,_Stage,.,$.,--,28984,,
qd,w407.0,52512,52561,MAGDA,magda,setzt,VVFIN,setzen,28984,,
qd,w407.0,52512,52561,MAGDA,magda,sich,PRF,sich,28984,,
qd,w407.0,52512,52561,MAGDA,magda,und,KON,und,28984,,
qd,w407.0,52512,52561,MAGDA,magda,beäugelt,VVFIN,beäugeln,28984,,
qd,w407.0,52512,52561,MAGDA,magda,ihn,PPER,ihn,28984,,
qd,w407.0,52512,52561,MAGDA,magda,durch,APPR,durch,28984,,
qd,w407.0,52512,52561,MAGDA,magda,ihre,PPOSAT,ihr,28984,,
qd,w407.0,52512,52561,MAGDA,magda,Lorgnette,NN,lorgnette,28984,,
qd,w407.0,52512,52561,MAGDA,magda,.,$.,--,28984,,
qd,w407.0,53089,53098,MAGDA,magda,höhnisch,ADJD,höhnisch,28984,,
qd,w407.0,53089,53098,MAGDA,magda,.,$.,--,28984,,
qd,w407.0,53710,53740,MAGDA,magda,in,APPR,in,28984,,
qd,w407.0,53710,53740,MAGDA,magda,spöttischer,ADJA,spöttisch,28984,,
qd,w407.0,53710,53740,MAGDA,magda,Ueberlegenheit,NN,ueberlegenheit,28984,,
qd,w407.0,53710,53740,MAGDA,magda,.,$.,--,28984,,
qd,w407.0,55963,55989,MAGDA,magda,den,ART,der,28984,,
qd,w407.0,55963,55989,MAGDA,magda,Mantel,NN,mantel,28984,,
qd,w407.0,55963,55989,MAGDA,magda,fallen,VVFIN,fallen,28984,,
qd,w407.0,55963,55989,MAGDA,magda,lassend,ADJD,lassend,28984,,
qd,w407.0,55963,55989,MAGDA,magda,.,$.,--,28984,,
qd,w407.0,61212,61252,_Stage,_Stage,Die,ART,der,28984,,
qd,w407.0,61212,61252,_Stage,_Stage,Vorigen,NN,vorige,28984,,
qd,w407.0,61212,61252,_Stage,_Stage,.,$.,--,28984,,
qd,w407.0,61212,61252,_Stage,_Stage,Frau,NN,frau,28984,,(5
qd,w407.0,61212,61252,_Stage,_Stage,Schwartze,NE,schwartze,28984,,5)|(4)
qd,w407.0,61212,61252,_Stage,_Stage,.,$.,--,28984,,
qd,w407.0,61212,61252,_Stage,_Stage,Dann,ADV,dann,28984,,
qd,w407.0,61212,61252,_Stage,_Stage,Marie,NE,marie,28984,,(1)
qd,w407.0,61212,61252,_Stage,_Stage,.,$.,--,28984,,
qd,w407.0,61875,61899,MARIE,marie,in,APPR,in,28984,,
qd,w407.0,61875,61899,MARIE,marie,der,ART,der,28984,,
qd,w407.0,61875,61899,MARIE,marie,Thür,NN,thür,28984,,
qd,w407.0,61875,61899,MARIE,marie,erscheinend,ADJD,erscheinend,28984,,
qd,w407.0,61875,61899,MARIE,marie,.,$.,--,28984,,
qd,w407.0,61925,61991,MAGDA,magda,zuckt,VVFIN,zucken,28984,,
qd,w407.0,61925,61991,MAGDA,magda,beim,APPRART,bei,28984,,
qd,w407.0,61925,61991,MAGDA,magda,Klange,NN,klange,28984,,
qd,w407.0,61925,61991,MAGDA,magda,der,ART,der,28984,,
qd,w407.0,61925,61991,MAGDA,magda,Stimme,NN,stimme,28984,,
qd,w407.0,61925,61991,MAGDA,magda,zusammen,PTKVZ,zusammen,28984,,
qd,w407.0,61925,61991,MAGDA,magda,",","$,",--,28984,,
qd,w407.0,61925,61991,MAGDA,magda,ohne,KOUI,ohne,28984,,
qd,w407.0,61925,61991,MAGDA,magda,sich,PRF,sich,28984,,
qd,w407.0,61925,61991,MAGDA,magda,jedoch,ADV,jedoch,28984,,
qd,w407.0,61925,61991,MAGDA,magda,zu,PTKZU,zu,28984,,
qd,w407.0,61925,61991,MAGDA,magda,rühren,VVINF,rühren,28984,,
qd,w407.0,61925,61991,MAGDA,magda,.,$.,--,28984,,
qd,w407.0,62067,62086,_Stage,_Stage,Magda,NE,magda,28984,,(10)
qd,w407.0,62067,62086,_Stage,_Stage,.,$.,--,28984,,
qd,w407.0,62067,62086,_Stage,_Stage,Der,ART,der,28984,,
qd,w407.0,62067,62086,_Stage,_Stage,Pfarrer,NN,pfarrer,28984,,(9)
qd,w407.0,62067,62086,_Stage,_Stage,.,$.,--,28984,,
qd,w407.0,62848,62857,PFARRER,pfarrer,betreten,VVFIN,betreten,28984,,
qd,w407.0,62848,62857,PFARRER,pfarrer,.,$.,--,28984,,
qd,w407.0,63038,63050,MAGDA,magda,schmerzvoll,ADJD,schmerzvoll,28984,,
qd,w407.0,63038,63050,MAGDA,magda,.,$.,--,28984,,
qd,w407.0,64778,64787,MAGDA,magda,entsetzt,VVPP,entsetzen,28984,,
qd,w407.0,64778,64787,MAGDA,magda,.,$.,--,28984,,
qd,w407.0,65365,65380,MAGDA,magda,ihn,PPER,ihn,28984,,
qd,w407.0,65365,65380,MAGDA,magda,anstarrend,ADJD,anstarrend,28984,,
qd,w407.0,65365,65380,MAGDA,magda,.,$.,--,28984,,
qd,w407.0,65581,65619,MAGDA,magda,weist,VVFIN,weisen,28984,,
qd,w407.0,65581,65619,MAGDA,magda,in,APPR,in,28984,,
qd,w407.0,65581,65619,MAGDA,magda,erschrockener,ADJA,erschrocken,28984,,
qd,w407.0,65581,65619,MAGDA,magda,Frage,NN,frage,28984,,
qd,w407.0,65581,65619,MAGDA,magda,auf,APPR,auf,28984,,
qd,w407.0,65581,65619,MAGDA,magda,sich,PRF,sich,28984,,
qd,w407.0,65581,65619,MAGDA,magda,.,$.,--,28984,,
qd,w407.0,66127,66142,MAGDA,magda,schmerzgequält,VVFIN,schmerzgequalten,28984,,
qd,w407.0,66127,66142,MAGDA,magda,.,$.,--,28984,,
qd,w407.0,66604,66612,MAGDA,magda,weinend,ADJD,weinend,28984,,
qd,w407.0,66604,66612,MAGDA,magda,.,$.,--,28984,,
qd,w407.0,66651,66657,MAGDA,magda,Pause,NN,pause,28984,,
qd,w407.0,66651,66657,MAGDA,magda,.,$.,--,28984,,
qd,w407.0,66712,66725,MAGDA,magda,aufspringend,ADJD,aufspringend,28984,,
qd,w407.0,66712,66725,MAGDA,magda,.,$.,--,28984,,
qd,w407.0,66812,66822,MAGDA,magda,angstvoll,ADJD,angstvoll,28984,,
qd,w407.0,66812,66822,MAGDA,magda,.,$.,--,28984,,
qd,w407.0,67093,67100,MAGDA,magda,tonlos,ADJD,tonlos,28984,,
qd,w407.0,67093,67100,MAGDA,magda,.,$.,--,28984,,
qd,w407.0,67163,67225,_Stage,_Stage,Die,ART,der,28984,,
qd,w407.0,67163,67225,_Stage,_Stage,Vorigen,NN,vorige,28984,,
qd,w407.0,67163,67225,_Stage,_Stage,.,$.,--,28984,,
qd,w407.0,67163,67225,_Stage,_Stage,Marie,NE,marie,28984,,(1)
qd,w407.0,67163,67225,_Stage,_Stage,.,$.,--,28984,,
qd,w407.0,67163,67225,_Stage,_Stage,Dann,ADV,dann,28984,,
qd,w407.0,67163,67225,_Stage,_Stage,Frau,NN,frau,28984,,(5
qd,w407.0,67163,67225,_Stage,_Stage,Schwartze,NE,schwartze,28984,,5)|(4)
qd,w407.0,67163,67225,_Stage,_Stage,",","$,",--,28984,,
qd,w407.0,67163,67225,_Stage,_Stage,Franziska,NE,franziska,28984,,(8)
qd,w407.0,67163,67225,_Stage,_Stage,",","$,",--,28984,,
qd,w407.0,67163,67225,_Stage,_Stage,Schwartze,NN,schwartze,28984,,(4)
qd,w407.0,67163,67225,_Stage,_Stage,.,$.,--,28984,,
qd,w407.0,67237,67260,PFARRER,pfarrer,die,ART,der,28984,,
qd,w407.0,67237,67260,PFARRER,pfarrer,Thür,NN,thür,28984,,
qd,w407.0,67237,67260,PFARRER,pfarrer,links,ADV,links,28984,,
qd,w407.0,67237,67260,PFARRER,pfarrer,öffnend,ADJD,öffnend,28984,,
qd,w407.0,67237,67260,PFARRER,pfarrer,.,$.,--,28984,,
qd,w407.0,67286,67319,MARIE,marie,stürzt,VVFIN,stürzen,28984,,
qd,w407.0,67286,67319,MARIE,marie,aufjubelnd,ADJD,aufjubelnd,28984,,
qd,w407.0,67286,67319,MARIE,marie,in,APPR,in,28984,,
qd,w407.0,67286,67319,MARIE,marie,Magdas,NE,magda,28984,,
qd,w407.0,67286,67319,MARIE,marie,Arme,NN,arm,28984,,
qd,w407.0,67286,67319,MARIE,marie,.,$.,--,28984,,
qd,w407.0,67340,67363,FRAU SCHWARTZE,frau_schwartze,umarmt,VVPP,umarmen,28984,,
qd,w407.0,67340,67363,FRAU SCHWARTZE,frau_schwartze,sie,PPER,sie,28984,,
qd,w407.0,67340,67363,FRAU SCHWARTZE,frau_schwartze,gleichfalls,ADV,gleichfalls,28984,,
qd,w407.0,67340,67363,FRAU SCHWARTZE,frau_schwartze,.,$.,--,28984,,
qd,w407.0,67761,67782,MAGDA,magda,im,APPRART,in,28984,,
qd,w407.0,67761,67782,MAGDA,magda,Schauen,VVIMP,schauen,28984,,
qd,w407.0,67761,67782,MAGDA,magda,versunken,VVPP,versunken,28984,,
qd,w407.0,67761,67782,MAGDA,magda,.,$.,--,28984,,
qd,w407.0,67832,67869,MAGDA,magda,Die,ART,der,28984,,
qd,w407.0,67832,67869,MAGDA,magda,Frauen,NN,frau,28984,,
qd,w407.0,67832,67869,MAGDA,magda,gehen,VVFIN,gehen,28984,,
qd,w407.0,67832,67869,MAGDA,magda,langsam,ADJD,langsam,28984,,
qd,w407.0,67832,67869,MAGDA,magda,nach,APPR,nach,28984,,
qd,w407.0,67832,67869,MAGDA,magda,hinten,ADV,hinten,28984,,
qd,w407.0,67832,67869,MAGDA,magda,.,$.,--,28984,,
qd,w407.0,67885,67908,SCHWARTZE,schwartze,die,ART,der,28984,,
qd,w407.0,67885,67908,SCHWARTZE,schwartze,Hände,NN,hand,28984,,
qd,w407.0,67885,67908,SCHWARTZE,schwartze,ausstreckend,ADJD,ausstreckend,28984,,
qd,w407.0,67885,67908,SCHWARTZE,schwartze,.,$.,--,28984,,
qd,w407.0,68135,68144,SCHWARTZE,schwartze,entsetzt,VVPP,entsetzen,28984,,
qd,w407.0,68135,68144,SCHWARTZE,schwartze,.,$.,--,28984,,
qd,w407.0,68310,68328,PFARRER,pfarrer,Der,ART,der,28984,,
qd,w407.0,68310,68328,PFARRER,pfarrer,Vorhang,NN,vorhang,28984,,
qd,w407.0,68310,68328,PFARRER,pfarrer,fällt,VVFIN,fallen,28984,,
qd,w407.0,68310,68328,PFARRER,pfarrer,.,$.,--,28984,,
qd,w407.0,68386,68428,_Stage,_Stage,Frau,NN,frau,28984,,(5
qd,w407.0,68386,68428,_Stage,_Stage,Schwartze,NE,schwartze,28984,,5)|(4)
qd,w407.0,68386,68428,_Stage,_Stage,.,$.,--,28984,,
qd,w407.0,68386,68428,_Stage,_Stage,Franziska,NE,franziska,28984,,(8)
qd,w407.0,68386,68428,_Stage,_Stage,.,$.,--,28984,,
qd,w407.0,68386,68428,_Stage,_Stage,Später,ADJD,spät,28984,,
qd,w407.0,68386,68428,_Stage,_Stage,Therese,NN,therese,28984,,(0)
qd,w407.0,68386,68428,_Stage,_Stage,.,$.,--,28984,,
qd,w407.0,68447,68457,FRAU SCHWARTZE,frau_schwartze,aufgeregt,ADJD,aufregen,28984,,
qd,w407.0,68447,68457,FRAU SCHWARTZE,frau_schwartze,.,$.,--,28984,,
qd,w407.0,69986,70138,THERESE,therese,ab,APPR,ab,28984,,
qd,w407.0,69986,70138,THERESE,therese,;,$.,--,28984,,
qd,w407.0,69986,70138,THERESE,therese,während,KOUS,während,28984,,
qd,w407.0,69986,70138,THERESE,therese,sie,PPER,sie,28984,,
qd,w407.0,69986,70138,THERESE,therese,die,ART,der,28984,,
qd,w407.0,69986,70138,THERESE,therese,Thür,NN,thür,28984,,
qd,w407.0,69986,70138,THERESE,therese,öffnet,VVFIN,öffnen,28984,,
qd,w407.0,69986,70138,THERESE,therese,",","$,",--,28984,,
qd,w407.0,69986,70138,THERESE,therese,hört,VVFIN,hören,28984,,
qd,w407.0,69986,70138,THERESE,therese,man,PIS,man,28984,,
qd,w407.0,69986,70138,THERESE,therese,im,APPRART,in,28984,,
qd,w407.0,69986,70138,THERESE,therese,Korridor,NN,korridor,28984,,
qd,w407.0,69986,70138,THERESE,therese,ein,ART,ein,28984,,
qd,w407.0,69986,70138,THERESE,therese,Lärmen,NN,lärmen,28984,,
qd,w407.0,69986,70138,THERESE,therese,–,VVFIN,–,28984,,
qd,w407.0,69986,70138,THERESE,therese,eine,ART,ein,28984,,
qd,w407.0,69986,70138,THERESE,therese,Männer-,TRUNC,männer,28984,,
qd,w407.0,69986,70138,THERESE,therese,und,KON,und,28984,,
qd,w407.0,69986,70138,THERESE,therese,eine,ART,ein,28984,,
qd,w407.0,69986,70138,THERESE,therese,Frauenstimme,NN,frauenstimme,28984,,
qd,w407.0,69986,70138,THERESE,therese,",","$,",--,28984,,
qd,w407.0,69986,70138,THERESE,therese,die,PRELS,der,28984,,
qd,w407.0,69986,70138,THERESE,therese,in,APPR,in,28984,,
qd,w407.0,69986,70138,THERESE,therese,italienischen,ADJA,italienisch,28984,,
qd,w407.0,69986,70138,THERESE,therese,Lauten,NN,laute,28984,,
qd,w407.0,69986,70138,THERESE,therese,miteinander,ADV,miteinander,28984,,
qd,w407.0,69986,70138,THERESE,therese,streiten,VVINF,streiten,28984,,
qd,w407.0,69986,70138,THERESE,therese,.,$.,--,28984,,
qd,w407.0,70617,70626,FRANZISKA,franziska,entsetzt,VVPP,entsetzen,28984,,
qd,w407.0,70617,70626,FRANZISKA,franziska,.,$.,--,28984,,
qd,w407.0,71047,71089,FRANZISKA,franziska,die,ART,der,28984,,
qd,w407.0,71047,71089,FRANZISKA,franziska,Hände,NN,hand,28984,,
qd,w407.0,71047,71089,FRANZISKA,franziska,über,APPR,über,28984,,
qd,w407.0,71047,71089,FRANZISKA,franziska,dem,ART,der,28984,,
qd,w407.0,71047,71089,FRANZISKA,franziska,Kopf,NN,kopf,28984,,
qd,w407.0,71047,71089,FRANZISKA,franziska,zusammenschlagend,ADJD,zusammenschlagend,28984,,
qd,w407.0,71047,71089,FRANZISKA,franziska,.,$.,--,28984,,
qd,w407.0,71152,71171,_Stage,_Stage,Die,ART,der,28984,,
qd,w407.0,71152,71171,_Stage,_Stage,Vorigen,NN,vorige,28984,,
qd,w407.0,71152,71171,_Stage,_Stage,.,$.,--,28984,,
qd,w407.0,71152,71171,_Stage,_Stage,Magda,NE,magda,28984,,(10)
qd,w407.0,71152,71171,_Stage,_Stage,.,$.,--,28984,,
qd,w407.0,71181,71254,MAGDA,magda,in,APPR,in,28984,,
qd,w407.0,71181,71254,MAGDA,magda,glänzender,ADJA,glänzend,28984,,
qd,w407.0,71181,71254,MAGDA,magda,Morgentoilette,NN,morgentoilette,28984,,
qd,w407.0,71181,71254,MAGDA,magda,–,XY,–,28984,,
qd,w407.0,71181,71254,MAGDA,magda,spricht,VVFIN,sprechen,28984,,
qd,w407.0,71181,71254,MAGDA,magda,hinaus,PTKVZ,hinaus,28984,,
qd,w407.0,71181,71254,MAGDA,magda,",","$,",--,28984,,
qd,w407.0,71181,71254,MAGDA,magda,indem,KOUS,indem,28984,,
qd,w407.0,71181,71254,MAGDA,magda,sie,PPER,sie,28984,,
qd,w407.0,71181,71254,MAGDA,magda,die,ART,der,28984,,
qd,w407.0,71181,71254,MAGDA,magda,Thür,NN,thür,28984,,
qd,w407.0,71181,71254,MAGDA,magda,öffnet,VVFIN,öffnen,28984,,
qd,w407.0,71181,71254,MAGDA,magda,.,$.,--,28984,,
qd,w407.0,71391,71399,MAGDA,magda,erzürnt,VVPP,erzürnen,28984,,
qd,w407.0,71391,71399,MAGDA,magda,.,$.,--,28984,,
qd,w407.0,72026,72033,FRANZISKA,franziska,wütend,ADJD,wütend,28984,,
qd,w407.0,72026,72033,FRANZISKA,franziska,.,$.,--,28984,,
qd,w407.0,72062,72083,MAGDA,magda,hochmütig,ADJD,hochmütig,28984,,
qd,w407.0,72062,72083,MAGDA,magda,verwundert,VVPP,verwundern,28984,,
qd,w407.0,72062,72083,MAGDA,magda,.,$.,--,28984,,
qd,w407.0,72105,72122,FRANZISKA,franziska,katzenfreundlich,ADJD,katzenfreundlich,28984,,
qd,w407.0,72105,72122,FRANZISKA,franziska,.,$.,--,28984,,
qd,w407.0,72249,72268,_Stage,_Stage,Die,ART,der,28984,,
qd,w407.0,72249,72268,_Stage,_Stage,Vorigen,NN,vorige,28984,,
qd,w407.0,72249,72268,_Stage,_Stage,.,$.,--,28984,,
qd,w407.0,72249,72268,_Stage,_Stage,Marie,NE,marie,28984,,(1)
qd,w407.0,72249,72268,_Stage,_Stage,.,$.,--,28984,,
qd,w407.0,72278,72313,MAGDA,magda,ein,ART,ein,28984,,
qd,w407.0,72278,72313,MAGDA,magda,Tablett,NN,tablett,28984,,
qd,w407.0,72278,72313,MAGDA,magda,mit,APPR,mit,28984,,
qd,w407.0,72278,72313,MAGDA,magda,Kaffeezeug,NN,kaffeezeug,28984,,
qd,w407.0,72278,72313,MAGDA,magda,tragend,ADJD,tragend,28984,,
qd,w407.0,72278,72313,MAGDA,magda,.,$.,--,28984,,
qd,w407.0,72452,72476,MARIE,marie,küßt,ADJD,küssen,28984,,
qd,w407.0,72452,72476,MARIE,marie,Franziska,NE,franziska,28984,,(8)
qd,w407.0,72452,72476,MARIE,marie,die,ART,der,28984,,
qd,w407.0,72452,72476,MARIE,marie,Hand,NN,hand,28984,,
qd,w407.0,72452,72476,MARIE,marie,.,$.,--,28984,,
qd,w407.0,72488,72517,MAGDA,magda,den,ART,der,28984,,
qd,w407.0,72488,72517,MAGDA,magda,Deckel,NN,deckel,28984,,
qd,w407.0,72488,72517,MAGDA,magda,abhebend,ADJD,abhebend,28984,,
qd,w407.0,72488,72517,MAGDA,magda,",","$,",--,28984,,
qd,w407.0,72488,72517,MAGDA,magda,freudig,ADJD,freudig,28984,,
qd,w407.0,72488,72517,MAGDA,magda,.,$.,--,28984,,
qd,w407.0,73705,73730,MAGDA,magda,mit,APPR,mit,28984,,
qd,w407.0,73705,73730,MAGDA,magda,geheucheltem,ADJA,geheuchelt,28984,,
qd,w407.0,73705,73730,MAGDA,magda,Respekt,NN,respekt,28984,,
qd,w407.0,73705,73730,MAGDA,magda,.,$.,--,28984,,
qd,w407.0,74154,74165,MARIE,marie,aufstehend,ADJD,aufstehend,28984,,
qd,w407.0,74154,74165,MARIE,marie,.,$.,--,28984,,
qd,w407.0,74382,74406,FRANZISKA,franziska,leise,ADJD,leise,28984,,
qd,w407.0,74382,74406,FRANZISKA,franziska,zu,APPR,zu,28984,,
qd,w407.0,74382,74406,FRANZISKA,franziska,Frau,NN,frau,28984,,(5
qd,w407.0,74382,74406,FRANZISKA,franziska,Schwartze,NE,schwartze,28984,,5)|(4)
qd,w407.0,74382,74406,FRANZISKA,franziska,.,$.,--,28984,,
qd,w407.0,74477,74495,FRANZISKA,franziska,Frau,NN,frau,28984,,(5
qd,w407.0,74477,74495,FRANZISKA,franziska,Schwartze,NE,schwartze,28984,,5)|(4)
qd,w407.0,74477,74495,FRANZISKA,franziska,ab,PTKVZ,ab,28984,,
qd,w407.0,74477,74495,FRANZISKA,franziska,.,$.,--,28984,,
qd,w407.0,74511,74533,FRANZISKA,franziska,sich,PRF,sich,28984,,
qd,w407.0,74511,74533,FRANZISKA,franziska,setzend,ADJD,setzend,28984,,
qd,w407.0,74511,74533,FRANZISKA,franziska,",","$,",--,28984,,
qd,w407.0,74511,74533,FRANZISKA,franziska,wichtig,ADJD,wichtig,28984,,
qd,w407.0,74511,74533,FRANZISKA,franziska,.,$.,--,28984,,
qd,w407.0,74724,74731,FRANZISKA,franziska,giftig,ADJD,giftig,28984,,
qd,w407.0,74724,74731,FRANZISKA,franziska,.,$.,--,28984,,
qd,w407.0,74805,74816,FRANZISKA,franziska,aufstehend,ADJD,aufstehend,28984,,
qd,w407.0,74805,74816,FRANZISKA,franziska,.,$.,--,28984,,
qd,w407.0,74873,74882,MAGDA,magda,lächelnd,ADJD,lächelnd,28984,,
qd,w407.0,74873,74882,MAGDA,magda,.,$.,--,28984,,
qd,w407.0,74895,74915,MAGDA,magda,Franziska,NE,franziska,28984,,(8)
qd,w407.0,74895,74915,MAGDA,magda,wütend,ADJD,wütend,28984,,
qd,w407.0,74895,74915,MAGDA,magda,ab,PTKVZ,ab,28984,,
qd,w407.0,74895,74915,MAGDA,magda,.,$.,--,28984,,
qd,w407.0,74958,74971,_Stage,_Stage,Magda,NE,magda,28984,,(10)
qd,w407.0,74958,74971,_Stage,_Stage,.,$.,--,28984,,
qd,w407.0,74958,74971,_Stage,_Stage,Marie,NE,marie,28984,,(1)
qd,w407.0,74958,74971,_Stage,_Stage,.,$.,--,28984,,
qd,w407.0,75472,75491,MARIE,marie,schüttelt,VVFIN,schütteln,28984,,
qd,w407.0,75472,75491,MARIE,marie,den,ART,der,28984,,
qd,w407.0,75472,75491,MARIE,marie,Kopf,NN,kopf,28984,,
qd,w407.0,75472,75491,MARIE,marie,.,$.,--,28984,,
qd,w407.0,75504,75512,MAGDA,magda,sinnend,ADJD,sinnend,28984,,
qd,w407.0,75504,75512,MAGDA,magda,.,$.,--,28984,,
qd,w407.0,75720,75733,MARIE,marie,entschlossen,ADJD,entschließen,28984,,
qd,w407.0,75720,75733,MARIE,marie,.,$.,--,28984,,
qd,w407.0,75751,75759,MAGDA,magda,öffnend,ADJD,öffnend,28984,,
qd,w407.0,75751,75759,MAGDA,magda,.,$.,--,28984,,
qd,w407.0,75980,75987,MAGDA,magda,pfeift,VVFIN,pfeifen,28984,,
qd,w407.0,75980,75987,MAGDA,magda,.,$.,--,28984,,
qd,w407.0,77052,77088,MARIE,marie,aufstehend,ADJD,aufstehend,28984,,
qd,w407.0,77052,77088,MARIE,marie,und,KON,und,28984,,
qd,w407.0,77052,77088,MARIE,marie,die,ART,der,28984,,
qd,w407.0,77052,77088,MARIE,marie,Arme,NN,arm,28984,,
qd,w407.0,77052,77088,MARIE,marie,ausbreitend,ADJD,ausbreitend,28984,,
qd,w407.0,77052,77088,MARIE,marie,.,$.,--,28984,,
qd,w407.0,77772,77832,MARIE,marie,versteht,VVFIN,verstehen,28984,,
qd,w407.0,77772,77832,MARIE,marie,langsam,ADJD,langsam,28984,,
qd,w407.0,77772,77832,MARIE,marie,und,KON,und,28984,,
qd,w407.0,77772,77832,MARIE,marie,sinkt,VVFIN,sinken,28984,,
qd,w407.0,77772,77832,MARIE,marie,dann,ADV,dann,28984,,
qd,w407.0,77772,77832,MARIE,marie,mit,APPR,mit,28984,,
qd,w407.0,77772,77832,MARIE,marie,dem,ART,der,28984,,
qd,w407.0,77772,77832,MARIE,marie,jubelnden,ADJA,jubelnd,28984,,
qd,w407.0,77772,77832,MARIE,marie,Aufschrei,NN,aufschrei,28984,,
qd,w407.0,77772,77832,MARIE,marie,.,$.,--,28984,,
qd,w407.0,77877,77898,MAGDA,magda,nach,APPR,nach,28984,,
qd,w407.0,77877,77898,MAGDA,magda,einem,ART,ein,28984,,
qd,w407.0,77877,77898,MAGDA,magda,Schweigen,NN,schweigen,28984,,
qd,w407.0,77877,77898,MAGDA,magda,.,$.,--,28984,,
qd,w407.0,78229,78270,_Stage,_Stage,Die,ART,der,28984,,
qd,w407.0,78229,78270,_Stage,_Stage,Vorigen,NN,vorige,28984,,
qd,w407.0,78229,78270,_Stage,_Stage,.,$.,--,28984,,
qd,w407.0,78229,78270,_Stage,_Stage,Der,ART,der,28984,,
qd,w407.0,78229,78270,_Stage,_Stage,Pfarrer,NN,pfarrer,28984,,(9)
qd,w407.0,78229,78270,_Stage,_Stage,mit,APPR,mit,28984,,
qd,w407.0,78229,78270,_Stage,_Stage,einer,ART,ein,28984,,
qd,w407.0,78229,78270,_Stage,_Stage,Mappe,NN,mappe,28984,,
qd,w407.0,78229,78270,_Stage,_Stage,.,$.,--,28984,,
qd,w407.0,78280,78299,MAGDA,magda,ihm,PPER,ihm,28984,,
qd,w407.0,78280,78299,MAGDA,magda,entgegengehend,ADJD,entgegengehend,28984,,
qd,w407.0,78280,78299,MAGDA,magda,.,$.,--,28984,,
qd,w407.0,78602,78660,MARIE,marie,die,ART,der,28984,,
qd,w407.0,78602,78660,MARIE,marie,das,ART,der,28984,,
qd,w407.0,78602,78660,MARIE,marie,Frühstückszeug,NN,frühstückszeug,28984,,
qd,w407.0,78602,78660,MARIE,marie,zusammenräumt,VVPP,zusammräumen,28984,,
qd,w407.0,78602,78660,MARIE,marie,",","$,",--,28984,,
qd,w407.0,78602,78660,MARIE,marie,erschrocken,ADJA,erschrocken,28984,,
qd,w407.0,78602,78660,MARIE,marie,lachend,ADJD,lachend,28984,,
qd,w407.0,78602,78660,MARIE,marie,.,$.,--,28984,,
qd,w407.0,78833,78852,_Stage,_Stage,Magda,NE,magda,28984,,(10)
qd,w407.0,78833,78852,_Stage,_Stage,.,$.,--,28984,,
qd,w407.0,78833,78852,_Stage,_Stage,Der,ART,der,28984,,
qd,w407.0,78833,78852,_Stage,_Stage,Pfarrer,NN,pfarrer,28984,,(9)
qd,w407.0,78833,78852,_Stage,_Stage,.,$.,--,28984,,
qd,w407.0,80301,80349,PFARRER,pfarrer,unterdrückt,ADJD,unterdrücken,28984,,
qd,w407.0,80301,80349,PFARRER,pfarrer,ein,ART,ein,28984,,
qd,w407.0,80301,80349,PFARRER,pfarrer,Zusammenzucken,NN,zusammenzucken,28984,,
qd,w407.0,80301,80349,PFARRER,pfarrer,des,ART,der,28984,,
qd,w407.0,80301,80349,PFARRER,pfarrer,Erschreckens,NN,erschrecken,28984,,
qd,w407.0,80301,80349,PFARRER,pfarrer,.,$.,--,28984,,
qd,w407.0,82790,82800,MAGDA,magda,flüsternd,ADJD,flüsternd,28984,,
qd,w407.0,82790,82800,MAGDA,magda,.,$.,--,28984,,
qd,w407.0,82993,83003,PFARRER,pfarrer,betroffen,VVPP,betreffen,28984,,
qd,w407.0,82993,83003,PFARRER,pfarrer,.,$.,--,28984,,
qd,w407.0,83023,83039,PFARRER,pfarrer,Draußen,ADJA,draußen,28984,,
qd,w407.0,83023,83039,PFARRER,pfarrer,Stimmen,NN,stimme,28984,,
qd,w407.0,83023,83039,PFARRER,pfarrer,.,$.,--,28984,,
qd,w407.0,83051,83075,MAGDA,magda,zuckt,VVFIN,zucken,28984,,
qd,w407.0,83051,83075,MAGDA,magda,zusammen,ADV,zusammen,28984,,
qd,w407.0,83051,83075,MAGDA,magda,",","$,",--,28984,,
qd,w407.0,83051,83075,MAGDA,magda,lauscht,VVFIN,lauschen,28984,,
qd,w407.0,83051,83075,MAGDA,magda,.,$.,--,28984,,
qd,w407.0,83443,83497,PFARRER,pfarrer,Will,NE,wollen,28984,,
qd,w407.0,83443,83497,PFARRER,pfarrer,gehen,VVFIN,gehen,28984,,
qd,w407.0,83443,83497,PFARRER,pfarrer,",","$,",--,28984,,
qd,w407.0,83443,83497,PFARRER,pfarrer,trifft,VVFIN,treffen,28984,,
qd,w407.0,83443,83497,PFARRER,pfarrer,in,APPR,in,28984,,
qd,w407.0,83443,83497,PFARRER,pfarrer,der,ART,der,28984,,
qd,w407.0,83443,83497,PFARRER,pfarrer,Thür,NN,thür,28984,,
qd,w407.0,83443,83497,PFARRER,pfarrer,mit,APPR,mit,28984,,
qd,w407.0,83443,83497,PFARRER,pfarrer,Schwartze,NN,schwartze,28984,,(4)
qd,w407.0,83443,83497,PFARRER,pfarrer,zusammen,PTKVZ,zusammen,28984,,
qd,w407.0,83443,83497,PFARRER,pfarrer,.,$.,--,28984,,
qd,w407.0,83542,83565,_Stage,_Stage,Die,ART,der,28984,,
qd,w407.0,83542,83565,_Stage,_Stage,Vorigen,NN,vorige,28984,,
qd,w407.0,83542,83565,_Stage,_Stage,.,$.,--,28984,,
qd,w407.0,83542,83565,_Stage,_Stage,Schwartze,NN,schwartze,28984,,(4)
qd,w407.0,83542,83565,_Stage,_Stage,.,$.,--,28984,,
qd,w407.0,85543,85554,MAGDA,magda,aufstehend,ADJD,aufstehend,28984,,
qd,w407.0,85543,85554,MAGDA,magda,.,$.,--,28984,,
qd,w407.0,86636,86651,SCHWARTZE,schwartze,verständnislos,ADJD,verständnislos,28984,,
qd,w407.0,86636,86651,SCHWARTZE,schwartze,.,$.,--,28984,,
qd,w407.0,86698,86709,MAGDA,magda,aufstehend,ADJD,aufstehend,28984,,
qd,w407.0,86698,86709,MAGDA,magda,.,$.,--,28984,,
qd,w407.0,86851,86859,SCHWARTZE,schwartze,brütend,ADJD,brütend,28984,,
qd,w407.0,86851,86859,SCHWARTZE,schwartze,.,$.,--,28984,,
qd,w407.0,87076,87087,MAGDA,magda,abgewendet,VVPP,abwenden,28984,,
qd,w407.0,87076,87087,MAGDA,magda,.,$.,--,28984,,
qd,w407.0,87107,87119,MAGDA,magda,Es,PPER,es,28984,,
qd,w407.0,87107,87119,MAGDA,magda,klingelt,VVFIN,klingeln,28984,,
qd,w407.0,87107,87119,MAGDA,magda,.,$.,--,28984,,
qd,w407.0,87161,87189,_Stage,_Stage,Die,ART,der,28984,,
qd,w407.0,87161,87189,_Stage,_Stage,Vorigen,NN,vorige,28984,,
qd,w407.0,87161,87189,_Stage,_Stage,.,$.,--,28984,,
qd,w407.0,87161,87189,_Stage,_Stage,Frau,NN,frau,28984,,(5
qd,w407.0,87161,87189,_Stage,_Stage,Schwartze,NE,schwartze,28984,,5)|(4)
qd,w407.0,87161,87189,_Stage,_Stage,.,$.,--,28984,,
qd,w407.0,87208,87223,FRAU SCHWARTZE,frau_schwartze,hereinstürzend,ADJD,hereinstürzend,28984,,
qd,w407.0,87208,87223,FRAU SCHWARTZE,frau_schwartze,.,$.,--,28984,,
qd,w407.0,87693,87797,_Stage,_Stage,Magda,NE,magda,28984,,(10)
qd,w407.0,87693,87797,_Stage,_Stage,",","$,",--,28984,,
qd,w407.0,87693,87797,_Stage,_Stage,Frau,NN,frau,28984,,(5
qd,w407.0,87693,87797,_Stage,_Stage,Schwartze,NE,schwartze,28984,,5)|(4)
qd,w407.0,87693,87797,_Stage,_Stage,.,$.,--,28984,,
qd,w407.0,87693,87797,_Stage,_Stage,Generalin,NE,generalin,28984,,(11)
qd,w407.0,87693,87797,_Stage,_Stage,von,APPR,von,28984,,
qd,w407.0,87693,87797,_Stage,_Stage,Klebs,NE,klebs,28984,,
qd,w407.0,87693,87797,_Stage,_Stage,.,$.,--,28984,,
qd,w407.0,87693,87797,_Stage,_Stage,Frau,NN,frau,28984,,
qd,w407.0,87693,87797,_Stage,_Stage,Landgerichtsdirektor,NE,landgerichtsdirektor,28984,,
qd,w407.0,87693,87797,_Stage,_Stage,Ellrich,NE,ellrich,28984,,
qd,w407.0,87693,87797,_Stage,_Stage,.,$.,--,28984,,
qd,w407.0,87693,87797,_Stage,_Stage,Frau,NN,frau,28984,,(12
qd,w407.0,87693,87797,_Stage,_Stage,Schumann,NE,schumann,28984,,12)
qd,w407.0,87693,87797,_Stage,_Stage,.,$.,--,28984,,
qd,w407.0,87693,87797,_Stage,_Stage,Franziska,NE,franziska,28984,,(8)
qd,w407.0,87693,87797,_Stage,_Stage,.,$.,--,28984,,
qd,w407.0,87811,87828,FRANZISKA,franziska,die,ART,der,28984,,
qd,w407.0,87811,87828,FRANZISKA,franziska,Thür,NN,thür,28984,,
qd,w407.0,87811,87828,FRANZISKA,franziska,öffnend,ADJD,öffnend,28984,,
qd,w407.0,87811,87828,FRANZISKA,franziska,.,$.,--,28984,,
qd,w407.0,87867,87900,GENERALIN,generalin,Frau,NN,frau,28984,,(5
qd,w407.0,87867,87900,GENERALIN,generalin,Schwartze,NE,schwartze,28984,,5)|(4)
qd,w407.0,87867,87900,GENERALIN,generalin,die,ART,der,28984,,
qd,w407.0,87867,87900,GENERALIN,generalin,Hand,NN,hand,28984,,
qd,w407.0,87867,87900,GENERALIN,generalin,reichend,ADJD,reichend,28984,,
qd,w407.0,87867,87900,GENERALIN,generalin,.,$.,--,28984,,
qd,w407.0,88349,88360,FRANZISKA,franziska,mit,APPR,mit,28984,,
qd,w407.0,88349,88360,FRANZISKA,franziska,Aplomb,NN,aplomb,28984,,
qd,w407.0,88349,88360,FRANZISKA,franziska,.,$.,--,28984,,
qd,w407.0,88445,88476,GENERALIN,generalin,steif,ADJD,steif,28984,,
qd,w407.0,88445,88476,GENERALIN,generalin,",","$,",--,28984,,
qd,w407.0,88445,88476,GENERALIN,generalin,doch,KON,doch,28984,,
qd,w407.0,88445,88476,GENERALIN,generalin,nicht,PTKNEG,nicht,28984,,
qd,w407.0,88445,88476,GENERALIN,generalin,unfreundlich,ADJD,unfreundlich,28984,,
qd,w407.0,88445,88476,GENERALIN,generalin,.,$.,--,28984,,
qd,w407.0,89496,89504,MAGDA,magda,höflich,ADJD,höflich,28984,,
qd,w407.0,89496,89504,MAGDA,magda,.,$.,--,28984,,
qd,w407.0,89575,89585,MAGDA,magda,Schweigen,NN,schweigen,28984,,
qd,w407.0,89575,89585,MAGDA,magda,.,$.,--,28984,,
qd,w407.0,89778,89788,MAGDA,magda,Erstaunen,NN,erstaunen,28984,,
qd,w407.0,89778,89788,MAGDA,magda,.,$.,--,28984,,
qd,w407.0,90005,90016,MAGDA,magda,freundlich,ADJD,freundlich,28984,,
qd,w407.0,90005,90016,MAGDA,magda,.,$.,--,28984,,
qd,w407.0,90181,90189,MAGDA,magda,höflich,ADJD,höflich,28984,,
qd,w407.0,90181,90189,MAGDA,magda,.,$.,--,28984,,
qd,w407.0,90513,90532,MAGDA,magda,sehr,ADV,sehr,28984,,
qd,w407.0,90513,90532,MAGDA,magda,liebenswürdig,ADJD,liebenswürdig,28984,,
qd,w407.0,90513,90532,MAGDA,magda,.,$.,--,28984,,
qd,w407.0,90628,90637,MAGDA,magda,murmelnd,ADJD,murmelnd,28984,,
qd,w407.0,90628,90637,MAGDA,magda,.,$.,--,28984,,
qd,w407.0,90703,90727,MAGDA,magda,Die,ART,der,28984,,
qd,w407.0,90703,90727,MAGDA,magda,Damen,NN,dame,28984,,
qd,w407.0,90703,90727,MAGDA,magda,sehen,VVFIN,sehen,28984,,
qd,w407.0,90703,90727,MAGDA,magda,sich,PRF,sich,28984,,
qd,w407.0,90703,90727,MAGDA,magda,an,PTKVZ,an,28984,,
qd,w407.0,90703,90727,MAGDA,magda,.,$.,--,28984,,
qd,w407.0,90821,90832,MAGDA,magda,freundlich,ADJD,freundlich,28984,,
qd,w407.0,90821,90832,MAGDA,magda,.,$.,--,28984,,
qd,w407.0,90963,90980,_Stage,_Stage,Die,ART,der,28984,,
qd,w407.0,90963,90980,_Stage,_Stage,Vorigen,NN,vorige,28984,,
qd,w407.0,90963,90980,_Stage,_Stage,.,$.,--,28984,,
qd,w407.0,90963,90980,_Stage,_Stage,Max,NE,max,28984,,(2)
qd,w407.0,90963,90980,_Stage,_Stage,.,$.,--,28984,,
qd,w407.0,91182,91191,MAX,max,verwirrt,VVPP,verwirren,28984,,
qd,w407.0,91182,91191,MAX,max,.,$.,--,28984,,
qd,w407.0,91281,91287,FRAU ELLRICH,frau_ellrich,leise,ADJD,leise,28984,,
qd,w407.0,91281,91287,FRAU ELLRICH,frau_ellrich,.,$.,--,28984,,
qd,w407.0,91330,91348,GENERALIN,generalin,zuckt,VVFIN,zucken,28984,,
qd,w407.0,91330,91348,GENERALIN,generalin,die,ART,der,28984,,
qd,w407.0,91330,91348,GENERALIN,generalin,Achseln,NN,achsel,28984,,
qd,w407.0,91330,91348,GENERALIN,generalin,.,$.,--,28984,,
qd,w407.0,91351,91481,GENERALIN,generalin,Die,ART,der,28984,,
qd,w407.0,91351,91481,GENERALIN,generalin,Damen,NN,dame,28984,,
qd,w407.0,91351,91481,GENERALIN,generalin,stehen,VVFIN,stehen,28984,,
qd,w407.0,91351,91481,GENERALIN,generalin,auf,PTKVZ,auf,28984,,
qd,w407.0,91351,91481,GENERALIN,generalin,und,KON,und,28984,,
qd,w407.0,91351,91481,GENERALIN,generalin,verabschieden,VVFIN,verabschieden,28984,,
qd,w407.0,91351,91481,GENERALIN,generalin,sich,PRF,sich,28984,,
qd,w407.0,91351,91481,GENERALIN,generalin,",","$,",--,28984,,
qd,w407.0,91351,91481,GENERALIN,generalin,indem,KOUS,indem,28984,,
qd,w407.0,91351,91481,GENERALIN,generalin,sie,PPER,sie,28984,,
qd,w407.0,91351,91481,GENERALIN,generalin,Frau,NN,frau,28984,,(5
qd,w407.0,91351,91481,GENERALIN,generalin,Schwartze,NN,schwartze,28984,,5)|(4)
qd,w407.0,91351,91481,GENERALIN,generalin,und,KON,und,28984,,
qd,w407.0,91351,91481,GENERALIN,generalin,Franziska,NE,franziska,28984,,(8)
qd,w407.0,91351,91481,GENERALIN,generalin,die,ART,der,28984,,
qd,w407.0,91351,91481,GENERALIN,generalin,Hand,NN,hand,28984,,
qd,w407.0,91351,91481,GENERALIN,generalin,reichen,VVINF,reichen,28984,,
qd,w407.0,91351,91481,GENERALIN,generalin,und,KON,und,28984,,
qd,w407.0,91351,91481,GENERALIN,generalin,sich,PRF,sich,28984,,
qd,w407.0,91351,91481,GENERALIN,generalin,vor,APPR,vor,28984,,
qd,w407.0,91351,91481,GENERALIN,generalin,Magda,NE,magda,28984,,(10)
qd,w407.0,91351,91481,GENERALIN,generalin,verbeugen,VVFIN,verbeugen,28984,,
qd,w407.0,91351,91481,GENERALIN,generalin,.,$.,--,28984,,
qd,w407.0,91502,91511,FRAU SCHWARTZE,frau_schwartze,betreten,VVFIN,betreten,28984,,
qd,w407.0,91502,91511,FRAU SCHWARTZE,frau_schwartze,.,$.,--,28984,,
qd,w407.0,91587,91599,MAGDA,magda,ungezwungen,VVPP,ungezwungen,28984,,
qd,w407.0,91587,91599,MAGDA,magda,.,$.,--,28984,,
qd,w407.0,91633,91667,MAGDA,magda,Die,ART,der,28984,,
qd,w407.0,91633,91667,MAGDA,magda,Damen,NN,dame,28984,,
qd,w407.0,91633,91667,MAGDA,magda,nach,APPR,nach,28984,,
qd,w407.0,91633,91667,MAGDA,magda,der,ART,der,28984,,
qd,w407.0,91633,91667,MAGDA,magda,Rangordnung,NN,rangordnung,28984,,
qd,w407.0,91633,91667,MAGDA,magda,ab,PTKVZ,ab,28984,,
qd,w407.0,91633,91667,MAGDA,magda,.,$.,--,28984,,
qd,w407.0,91710,91748,_Stage,_Stage,Magda,NE,magda,28984,,(10)
qd,w407.0,91710,91748,_Stage,_Stage,.,$.,--,28984,,
qd,w407.0,91710,91748,_Stage,_Stage,Max,NE,max,28984,,(2)
qd,w407.0,91710,91748,_Stage,_Stage,.,$.,--,28984,,
qd,w407.0,91710,91748,_Stage,_Stage,Frau,NN,frau,28984,,(5
qd,w407.0,91710,91748,_Stage,_Stage,Schwartze,NE,schwartze,28984,,5)|(4)
qd,w407.0,91710,91748,_Stage,_Stage,.,$.,--,28984,,
qd,w407.0,91710,91748,_Stage,_Stage,Franziska,NE,franziska,28984,,(8)
qd,w407.0,91710,91748,_Stage,_Stage,.,$.,--,28984,,
qd,w407.0,91767,91794,FRAU SCHWARTZE,frau_schwartze,von,APPR,von,28984,,
qd,w407.0,91767,91794,FRAU SCHWARTZE,frau_schwartze,der,ART,der,28984,,
qd,w407.0,91767,91794,FRAU SCHWARTZE,frau_schwartze,Thür,NN,thür,28984,,
qd,w407.0,91767,91794,FRAU SCHWARTZE,frau_schwartze,zurückkehrend,ADJD,zurückkehrend,28984,,
qd,w407.0,91767,91794,FRAU SCHWARTZE,frau_schwartze,.,$.,--,28984,,
qd,w407.0,92412,92442,MAX,max,mit,APPR,mit,28984,,
qd,w407.0,92412,92442,MAX,max,einem,ART,ein,28984,,
qd,w407.0,92412,92442,MAX,max,freudigen,ADJA,freudig,28984,,
qd,w407.0,92412,92442,MAX,max,Aufschrei,NN,aufschrei,28984,,
qd,w407.0,92412,92442,MAX,max,.,$.,--,28984,,
qd,w407.0,92658,92665,FRANZISKA,franziska,wütend,ADJD,wütend,28984,,
qd,w407.0,92658,92665,FRANZISKA,franziska,.,$.,--,28984,,
qd,w407.0,92739,92750,_Stage,_Stage,Max,NE,max,28984,,(2)
qd,w407.0,92739,92750,_Stage,_Stage,.,$.,--,28984,,
qd,w407.0,92739,92750,_Stage,_Stage,Magda,NE,magda,28984,,(10)
qd,w407.0,92739,92750,_Stage,_Stage,.,$.,--,28984,,
qd,w407.0,93473,93497,MAX,max,will,VMFIN,wollen,28984,,
qd,w407.0,93473,93497,MAX,max,gehen,VVINF,gehen,28984,,
qd,w407.0,93473,93497,MAX,max,und,KON,und,28984,,
qd,w407.0,93473,93497,MAX,max,kehrt,VVFIN,kehren,28984,,
qd,w407.0,93473,93497,MAX,max,um,PTKVZ,um,28984,,
qd,w407.0,93473,93497,MAX,max,.,$.,--,28984,,
qd,w407.0,94201,94208,MAGDA,magda,mühsam,ADJD,mühsam,28984,,
qd,w407.0,94201,94208,MAGDA,magda,.,$.,--,28984,,
qd,w407.0,94239,94247,MAX,max,lachend,ADJD,lachend,28984,,
qd,w407.0,94239,94247,MAX,max,.,$.,--,28984,,
qd,w407.0,94338,94344,MAGDA,magda,ruhig,ADJD,ruhig,28984,,
qd,w407.0,94338,94344,MAGDA,magda,.,$.,--,28984,,
qd,w407.0,94360,94386,MAGDA,magda,Therese,NN,therese,28984,,(0)
qd,w407.0,94360,94386,MAGDA,magda,bringt,VVFIN,bringen,28984,,
qd,w407.0,94360,94386,MAGDA,magda,eine,ART,ein,28984,,
qd,w407.0,94360,94386,MAGDA,magda,Karte,NN,karte,28984,,
qd,w407.0,94360,94386,MAGDA,magda,.,$.,--,28984,,
qd,w407.0,94468,94477,MAX,max,lächelnd,ADJD,lächelnd,28984,,
qd,w407.0,94468,94477,MAX,max,.,$.,--,28984,,
qd,w407.0,94735,94787,_Stage,_Stage,Die,ART,der,28984,,
qd,w407.0,94735,94787,_Stage,_Stage,Vorigen,NN,vorige,28984,,
qd,w407.0,94735,94787,_Stage,_Stage,.,$.,--,28984,,
qd,w407.0,94735,94787,_Stage,_Stage,Keller,NN,keller,28984,,(3)
qd,w407.0,94735,94787,_Stage,_Stage,mit,APPR,mit,28984,,
qd,w407.0,94735,94787,_Stage,_Stage,einem,ART,ein,28984,,
qd,w407.0,94735,94787,_Stage,_Stage,Blumensträußchen,NN,blumensträußche,28984,,
qd,w407.0,94735,94787,_Stage,_Stage,.,$.,--,28984,,
qd,w407.0,94735,94787,_Stage,_Stage,Max,NE,max,28984,,(2)
qd,w407.0,94735,94787,_Stage,_Stage,.,$.,--,28984,,
qd,w407.0,94795,94814,MAX,max,ihm,PPER,ihm,28984,,
qd,w407.0,94795,94814,MAX,max,entgegengehend,ADJD,entgegengehend,28984,,
qd,w407.0,94795,94814,MAX,max,.,$.,--,28984,,
qd,w407.0,94920,94945,MAX,max,Mit,APPR,mit,28984,,
qd,w407.0,94920,94945,MAX,max,zwei,CARD,zwei,28984,,
qd,w407.0,94920,94945,MAX,max,Verbeugungen,NN,verbeugung,28984,,
qd,w407.0,94920,94945,MAX,max,ab,PTKVZ,ab,28984,,
qd,w407.0,94920,94945,MAX,max,.,$.,--,28984,,
qd,w407.0,94993,95007,_Stage,_Stage,Magda,NE,magda,28984,,(10)
qd,w407.0,94993,95007,_Stage,_Stage,.,$.,--,28984,,
qd,w407.0,94993,95007,_Stage,_Stage,Keller,NN,keller,28984,,(3)
qd,w407.0,94993,95007,_Stage,_Stage,.,$.,--,28984,,
qd,w407.0,95010,95078,_Stage,_Stage,Keller,NN,keller,28984,,(3)
qd,w407.0,95010,95078,_Stage,_Stage,bleibt,VVFIN,bleiben,28984,,
qd,w407.0,95010,95078,_Stage,_Stage,an,APPR,an,28984,,
qd,w407.0,95010,95078,_Stage,_Stage,der,ART,der,28984,,
qd,w407.0,95010,95078,_Stage,_Stage,Thür,NN,thür,28984,,
qd,w407.0,95010,95078,_Stage,_Stage,stehn,CARD,stehn,28984,,
qd,w407.0,95010,95078,_Stage,_Stage,.,$.,--,28984,,
qd,w407.0,95010,95078,_Stage,_Stage,Magda,NE,magda,28984,,(10)
qd,w407.0,95010,95078,_Stage,_Stage,geht,VVFIN,gehen,28984,,
qd,w407.0,95010,95078,_Stage,_Stage,erregt,VVPP,erregen,28984,,
qd,w407.0,95010,95078,_Stage,_Stage,umher,PTKVZ,umher,28984,,
qd,w407.0,95010,95078,_Stage,_Stage,.,$.,--,28984,,
qd,w407.0,95010,95078,_Stage,_Stage,Schweigen,NN,schweigen,28984,,
qd,w407.0,95010,95078,_Stage,_Stage,.,$.,--,28984,,
qd,w407.0,95088,95101,MAGDA,magda,vor,APPR,vor,28984,,
qd,w407.0,95088,95101,MAGDA,magda,sich,PRF,sich,28984,,
qd,w407.0,95088,95101,MAGDA,magda,hin,PTKVZ,hin,28984,,
qd,w407.0,95088,95101,MAGDA,magda,.,$.,--,28984,,
qd,w407.0,95137,95200,MAGDA,magda,Weist,NN,weist,28984,,
qd,w407.0,95137,95200,MAGDA,magda,auf,APPR,auf,28984,,
qd,w407.0,95137,95200,MAGDA,magda,einen,ART,ein,28984,,
qd,w407.0,95137,95200,MAGDA,magda,Stuhl,NN,stuhl,28984,,
qd,w407.0,95137,95200,MAGDA,magda,am,APPRART,an,28984,,
qd,w407.0,95137,95200,MAGDA,magda,Tische,NN,tisch,28984,,
qd,w407.0,95137,95200,MAGDA,magda,links,ADV,links,28984,,
qd,w407.0,95137,95200,MAGDA,magda,und,KON,und,28984,,
qd,w407.0,95137,95200,MAGDA,magda,setzt,VVFIN,setzen,28984,,
qd,w407.0,95137,95200,MAGDA,magda,sich,PRF,sich,28984,,
qd,w407.0,95137,95200,MAGDA,magda,gegenüber,PTKVZ,gegenüber,28984,,
qd,w407.0,95137,95200,MAGDA,magda,.,$.,--,28984,,
qd,w407.0,95601,95610,KELLER,keller,betreten,VVFIN,betreten,28984,,
qd,w407.0,95601,95610,KELLER,keller,.,$.,--,28984,,
qd,w407.0,96001,96012,MAGDA,magda,aufstehend,ADJD,aufstehend,28984,,
qd,w407.0,96001,96012,MAGDA,magda,.,$.,--,28984,,
qd,w407.0,97142,97160,KELLER,keller,verlegen,ADJD,verlegen,28984,,
qd,w407.0,97142,97160,KELLER,keller,lächelnd,ADJD,lächelnd,28984,,
qd,w407.0,97142,97160,KELLER,keller,.,$.,--,28984,,
qd,w407.0,97619,97640,KELLER,keller,nach,APPR,nach,28984,,
qd,w407.0,97619,97640,KELLER,keller,der,ART,der,28984,,
qd,w407.0,97619,97640,KELLER,keller,Thür,NN,thür,28984,,
qd,w407.0,97619,97640,KELLER,keller,sehend,ADJD,sehend,28984,,
qd,w407.0,97619,97640,KELLER,keller,.,$.,--,28984,,
qd,w407.0,97780,97792,MAGDA,magda,schmerzlich,ADJD,schmerzlich,28984,,
qd,w407.0,97780,97792,MAGDA,magda,.,$.,--,28984,,
qd,w407.0,97824,97842,KELLER,keller,nach,APPR,nach,28984,,
qd,w407.0,97824,97842,KELLER,keller,der,ART,der,28984,,
qd,w407.0,97824,97842,KELLER,keller,Thür,NN,thür,28984,,
qd,w407.0,97824,97842,KELLER,keller,hin,PTKVZ,hin,28984,,
qd,w407.0,97824,97842,KELLER,keller,.,$.,--,28984,,
qd,w407.0,98065,98079,MAGDA,magda,halb,ADJD,halb,28984,,
qd,w407.0,98065,98079,MAGDA,magda,für,APPR,für,28984,,
qd,w407.0,98065,98079,MAGDA,magda,sich,PRF,sich,28984,,
qd,w407.0,98065,98079,MAGDA,magda,.,$.,--,28984,,
qd,w407.0,99017,99026,KELLER,keller,lächelnd,ADJD,lächelnd,28984,,
qd,w407.0,99017,99026,KELLER,keller,.,$.,--,28984,,
qd,w407.0,99415,99437,KELLER,keller,erfreut,ADJD,erfreuen,28984,,
qd,w407.0,99415,99437,KELLER,keller,und,KON,und,28984,,
qd,w407.0,99415,99437,KELLER,keller,verblüfft,VVFIN,verblüffen,28984,,
qd,w407.0,99415,99437,KELLER,keller,.,$.,--,28984,,
qd,w407.0,101874,101913,KELLER,keller,aufstehend,ADJD,aufstehend,28984,,
qd,w407.0,101874,101913,KELLER,keller,und,KON,und,28984,,
qd,w407.0,101874,101913,KELLER,keller,sich,PRF,sich,28984,,
qd,w407.0,101874,101913,KELLER,keller,ängstlich,ADJD,ängstlich,28984,,
qd,w407.0,101874,101913,KELLER,keller,umsehend,ADJD,umsehend,28984,,
qd,w407.0,101874,101913,KELLER,keller,.,$.,--,28984,,
qd,w407.0,102529,102550,KELLER,keller,nach,APPR,nach,28984,,
qd,w407.0,102529,102550,KELLER,keller,einem,ART,ein,28984,,
qd,w407.0,102529,102550,KELLER,keller,Schweigen,NN,schweigen,28984,,
qd,w407.0,102529,102550,KELLER,keller,.,$.,--,28984,,
qd,w407.0,103276,103284,MAGDA,magda,sinnlos,ADJD,sinnlos,28984,,
qd,w407.0,103276,103284,MAGDA,magda,.,$.,--,28984,,
qd,w407.0,103409,103422,MAGDA,magda,aufspringend,ADJD,aufspringend,28984,,
qd,w407.0,103409,103422,MAGDA,magda,.,$.,--,28984,,
qd,w407.0,104884,104899,MAGDA,magda,schmerzgequält,VVFIN,schmerzgequalten,28984,,
qd,w407.0,104884,104899,MAGDA,magda,.,$.,--,28984,,
qd,w407.0,105044,105062,_Stage,_Stage,Schwartze,NN,schwartze,28984,,(4)
qd,w407.0,105044,105062,_Stage,_Stage,.,$.,--,28984,,
qd,w407.0,105044,105062,_Stage,_Stage,Keller,NN,keller,28984,,(3)
qd,w407.0,105044,105062,_Stage,_Stage,.,$.,--,28984,,
qd,w407.0,105076,105153,SCHWARTZE,schwartze,in,APPR,in,28984,,
qd,w407.0,105076,105153,SCHWARTZE,schwartze,freudiger,ADJA,freudig,28984,,
qd,w407.0,105076,105153,SCHWARTZE,schwartze,Erregung,NN,erregung,28984,,
qd,w407.0,105076,105153,SCHWARTZE,schwartze,durch,APPR,durch,28984,,
qd,w407.0,105076,105153,SCHWARTZE,schwartze,die,ART,der,28984,,
qd,w407.0,105076,105153,SCHWARTZE,schwartze,Flurthür,NN,flurthür,28984,,
qd,w407.0,105076,105153,SCHWARTZE,schwartze,eintretend,ADJD,eintretend,28984,,
qd,w407.0,105076,105153,SCHWARTZE,schwartze,",","$,",--,28984,,
qd,w407.0,105076,105153,SCHWARTZE,schwartze,gerade,ADV,gerade,28984,,
qd,w407.0,105076,105153,SCHWARTZE,schwartze,als,APPR,als,28984,,
qd,w407.0,105076,105153,SCHWARTZE,schwartze,Magda,NE,magda,28984,,(10)
qd,w407.0,105076,105153,SCHWARTZE,schwartze,abgeht,VVFIN,abgehen,28984,,
qd,w407.0,105076,105153,SCHWARTZE,schwartze,.,$.,--,28984,,
qd,w407.0,105239,105260,KELLER,keller,in,APPR,in,28984,,
qd,w407.0,105239,105260,KELLER,keller,großer,ADJA,groß,28984,,
qd,w407.0,105239,105260,KELLER,keller,Verwirrung,NN,verwirrung,28984,,
qd,w407.0,105239,105260,KELLER,keller,.,$.,--,28984,,
qd,w407.0,105370,105405,KELLER,keller,versucht,VVPP,versuchen,28984,,
qd,w407.0,105370,105405,KELLER,keller,",","$,",--,28984,,
qd,w407.0,105370,105405,KELLER,keller,ihm,PPER,ihm,28984,,
qd,w407.0,105370,105405,KELLER,keller,in,APPR,in,28984,,
qd,w407.0,105370,105405,KELLER,keller,den,ART,der,28984,,
qd,w407.0,105370,105405,KELLER,keller,Weg,NN,weg,28984,,
qd,w407.0,105370,105405,KELLER,keller,zu,PTKZU,zu,28984,,
qd,w407.0,105370,105405,KELLER,keller,treten,VVINF,treten,28984,,
qd,w407.0,105370,105405,KELLER,keller,.,$.,--,28984,,
qd,w407.0,106302,106318,SCHWARTZE,schwartze,beinahe,ADV,beinahe,28984,,
qd,w407.0,106302,106318,SCHWARTZE,schwartze,drohend,ADJD,drohend,28984,,
qd,w407.0,106302,106318,SCHWARTZE,schwartze,.,$.,--,28984,,
qd,w407.0,106365,106397,KELLER,keller,der,ART,der,28984,,
qd,w407.0,106365,106397,KELLER,keller,nicht,PTKNEG,nicht,28984,,
qd,w407.0,106365,106397,KELLER,keller,zu,APPR,zu,28984,,
qd,w407.0,106365,106397,KELLER,keller,widersprechen,VVFIN,widersprechen,28984,,
qd,w407.0,106365,106397,KELLER,keller,wagt,VVFIN,wagen,28984,,
qd,w407.0,106365,106397,KELLER,keller,.,$.,--,28984,,
qd,w407.0,107184,107201,KELLER,keller,immer,ADV,immer,28984,,
qd,w407.0,107184,107201,KELLER,keller,verwirrter,ADJD,verwirrt,28984,,
qd,w407.0,107184,107201,KELLER,keller,.,$.,--,28984,,
qd,w407.0,107389,107399,KELLER,keller,beteuernd,ADJD,beteuernd,28984,,
qd,w407.0,107389,107399,KELLER,keller,.,$.,--,28984,,
qd,w407.0,107468,107474,KELLER,keller,Pause,NN,pause,28984,,
qd,w407.0,107468,107474,KELLER,keller,.,$.,--,28984,,
qd,w407.0,107491,107549,SCHWARTZE,schwartze,faßt,VVFIN,fassen,28984,,
qd,w407.0,107491,107549,SCHWARTZE,schwartze,sich,PRF,sich,28984,,
qd,w407.0,107491,107549,SCHWARTZE,schwartze,an,APPR,an,28984,,
qd,w407.0,107491,107549,SCHWARTZE,schwartze,die,ART,der,28984,,
qd,w407.0,107491,107549,SCHWARTZE,schwartze,Stirn,NN,stirn,28984,,
qd,w407.0,107491,107549,SCHWARTZE,schwartze,",","$,",--,28984,,
qd,w407.0,107491,107549,SCHWARTZE,schwartze,fixiert,VVFIN,fixieren,28984,,
qd,w407.0,107491,107549,SCHWARTZE,schwartze,Keller,NN,keller,28984,,(3)
qd,w407.0,107491,107549,SCHWARTZE,schwartze,",","$,",--,28984,,
qd,w407.0,107491,107549,SCHWARTZE,schwartze,dann,ADV,dann,28984,,
qd,w407.0,107491,107549,SCHWARTZE,schwartze,wie,KOKOM,wie,28984,,
qd,w407.0,107491,107549,SCHWARTZE,schwartze,abwesend,ADJD,abwesend,28984,,
qd,w407.0,107491,107549,SCHWARTZE,schwartze,.,$.,--,28984,,
qd,w407.0,108292,108303,KELLER,keller,aufstehend,ADJD,aufstehend,28984,,
qd,w407.0,108292,108303,KELLER,keller,.,$.,--,28984,,
qd,w407.0,109237,109266,_Stage,_Stage,Schwartze,NN,schwartze,28984,,(4)
qd,w407.0,109237,109266,_Stage,_Stage,allein,ADV,allein,28984,,
qd,w407.0,109237,109266,_Stage,_Stage,.,$.,--,28984,,
qd,w407.0,109237,109266,_Stage,_Stage,Dann,ADV,dann,28984,,
qd,w407.0,109237,109266,_Stage,_Stage,Marie,NE,marie,28984,,(1)
qd,w407.0,109237,109266,_Stage,_Stage,.,$.,--,28984,,
qd,w407.0,109280,109357,SCHWARTZE,schwartze,sitzt,VVFIN,sitzen,28984,,
qd,w407.0,109280,109357,SCHWARTZE,schwartze,eine,ART,ein,28984,,
qd,w407.0,109280,109357,SCHWARTZE,schwartze,Weile,NN,weile,28984,,
qd,w407.0,109280,109357,SCHWARTZE,schwartze,brütend,ADJD,brütend,28984,,
qd,w407.0,109280,109357,SCHWARTZE,schwartze,",","$,",--,28984,,
qd,w407.0,109280,109357,SCHWARTZE,schwartze,in,APPR,in,28984,,
qd,w407.0,109280,109357,SCHWARTZE,schwartze,sich,PRF,sich,28984,,
qd,w407.0,109280,109357,SCHWARTZE,schwartze,zusammengesunken,VVIZU,zusammengesunken,28984,,
qd,w407.0,109280,109357,SCHWARTZE,schwartze,da,PTKVZ,da,28984,,
qd,w407.0,109280,109357,SCHWARTZE,schwartze,",","$,",--,28984,,
qd,w407.0,109280,109357,SCHWARTZE,schwartze,dann,ADV,dann,28984,,
qd,w407.0,109280,109357,SCHWARTZE,schwartze,jäh,ADJD,jäh,28984,,
qd,w407.0,109280,109357,SCHWARTZE,schwartze,aufschreiend,ADJD,aufschreiend,28984,,
qd,w407.0,109280,109357,SCHWARTZE,schwartze,.,$.,--,28984,,
qd,w407.0,109378,109402,MARIE,marie,ängstlich,ADJD,ängstlich,28984,,
qd,w407.0,109378,109402,MARIE,marie,hereinlaufend,ADJD,hereinlaufend,28984,,
qd,w407.0,109378,109402,MARIE,marie,.,$.,--,28984,,
qd,w407.0,109448,109456,SCHWARTZE,schwartze,würgend,ADJD,würgend,28984,,
qd,w407.0,109448,109456,SCHWARTZE,schwartze,.,$.,--,28984,,
qd,w407.0,109500,109554,MARIE,marie,geht,VVFIN,gehen,28984,,
qd,w407.0,109500,109554,MARIE,marie,zur,APPRART,zu,28984,,
qd,w407.0,109500,109554,MARIE,marie,Thür,NN,thür,28984,,
qd,w407.0,109500,109554,MARIE,marie,",","$,",--,28984,,
qd,w407.0,109500,109554,MARIE,marie,öffnet,VVFIN,öffnen,28984,,
qd,w407.0,109500,109554,MARIE,marie,sie,PPER,sie,28984,,
qd,w407.0,109500,109554,MARIE,marie,und,KON,und,28984,,
qd,w407.0,109500,109554,MARIE,marie,kehrt,VVFIN,kehren,28984,,
qd,w407.0,109500,109554,MARIE,marie,hinausschauend,ADJD,hinausschauend,28984,,
qd,w407.0,109500,109554,MARIE,marie,um,PTKVZ,um,28984,,
qd,w407.0,109500,109554,MARIE,marie,.,$.,--,28984,,
qd,w407.0,109656,109674,MARIE,marie,die,ART,der,28984,,
qd,w407.0,109656,109674,MARIE,marie,Hände,NN,hand,28984,,
qd,w407.0,109656,109674,MARIE,marie,faltend,ADJD,faltend,28984,,
qd,w407.0,109656,109674,MARIE,marie,.,$.,--,28984,,
qd,w407.0,109695,109758,MARIE,marie,Pause,NN,pause,28984,,
qd,w407.0,109695,109758,MARIE,marie,bei,APPR,bei,28984,,
qd,w407.0,109695,109758,MARIE,marie,offener,ADJA,offen,28984,,
qd,w407.0,109695,109758,MARIE,marie,Thür,NN,thür,28984,,
qd,w407.0,109695,109758,MARIE,marie,.,$.,--,28984,,
qd,w407.0,109695,109758,MARIE,marie,Man,PIS,man,28984,,
qd,w407.0,109695,109758,MARIE,marie,sieht,VVFIN,sehen,28984,,
qd,w407.0,109695,109758,MARIE,marie,Magda,NE,magda,28984,,(10)
qd,w407.0,109695,109758,MARIE,marie,die,ART,der,28984,,
qd,w407.0,109695,109758,MARIE,marie,Treppe,NN,treppe,28984,,
qd,w407.0,109695,109758,MARIE,marie,herabkommen,VVIZU,herabkommen,28984,,
qd,w407.0,109695,109758,MARIE,marie,.,$.,--,28984,,
qd,w407.0,109806,109825,_Stage,_Stage,Die,ART,der,28984,,
qd,w407.0,109806,109825,_Stage,_Stage,Vorigen,NN,vorige,28984,,
qd,w407.0,109806,109825,_Stage,_Stage,.,$.,--,28984,,
qd,w407.0,109806,109825,_Stage,_Stage,Magda,NE,magda,28984,,(10)
qd,w407.0,109806,109825,_Stage,_Stage,.,$.,--,28984,,
qd,w407.0,109835,109909,MAGDA,magda,im,APPRART,in,28984,,
qd,w407.0,109835,109909,MAGDA,magda,Reisekleide,NN,reisekleide,28984,,
qd,w407.0,109835,109909,MAGDA,magda,",","$,",--,28984,,
qd,w407.0,109835,109909,MAGDA,magda,den,ART,der,28984,,
qd,w407.0,109835,109909,MAGDA,magda,Hut,NN,hut,28984,,
qd,w407.0,109835,109909,MAGDA,magda,in,APPR,in,28984,,
qd,w407.0,109835,109909,MAGDA,magda,der,ART,der,28984,,
qd,w407.0,109835,109909,MAGDA,magda,Hand,NN,hand,28984,,
qd,w407.0,109835,109909,MAGDA,magda,–,XY,–,28984,,
qd,w407.0,109835,109909,MAGDA,magda,sehr,ADV,sehr,28984,,
qd,w407.0,109835,109909,MAGDA,magda,bleich,ADJD,bleich,28984,,
qd,w407.0,109835,109909,MAGDA,magda,",","$,",--,28984,,
qd,w407.0,109835,109909,MAGDA,magda,aber,KON,aber,28984,,
qd,w407.0,109835,109909,MAGDA,magda,mit,APPR,mit,28984,,
qd,w407.0,109835,109909,MAGDA,magda,eiserner,ADJA,eisern,28984,,
qd,w407.0,109835,109909,MAGDA,magda,Ruhe,NN,ruhe,28984,,
qd,w407.0,109835,109909,MAGDA,magda,.,$.,--,28984,,
qd,w407.0,110088,110262,MAGDA,magda,Sie,PPER,sie,28984,,
qd,w407.0,110088,110262,MAGDA,magda,geht,VVFIN,gehen,28984,,
qd,w407.0,110088,110262,MAGDA,magda,zur,APPRART,zu,28984,,
qd,w407.0,110088,110262,MAGDA,magda,Thür,NN,thür,28984,,
qd,w407.0,110088,110262,MAGDA,magda,links,ADV,links,28984,,
qd,w407.0,110088,110262,MAGDA,magda,.,$.,--,28984,,
qd,w407.0,110088,110262,MAGDA,magda,Schwartze,NN,schwartze,28984,,(4)
qd,w407.0,110088,110262,MAGDA,magda,folgt,VVFIN,folgen,28984,,
qd,w407.0,110088,110262,MAGDA,magda,ihr,PPER,ihr,28984,,
qd,w407.0,110088,110262,MAGDA,magda,.,$.,--,28984,,
qd,w407.0,110088,110262,MAGDA,magda,Marie,NE,marie,28984,,(1)
qd,w407.0,110088,110262,MAGDA,magda,",","$,",--,28984,,
qd,w407.0,110088,110262,MAGDA,magda,die,PRELS,der,28984,,
qd,w407.0,110088,110262,MAGDA,magda,sich,PRF,sich,28984,,
qd,w407.0,110088,110262,MAGDA,magda,verschüchtert,VVFIN,verschüchtern,28984,,
qd,w407.0,110088,110262,MAGDA,magda,in,APPR,in,28984,,
qd,w407.0,110088,110262,MAGDA,magda,die,ART,der,28984,,
qd,w407.0,110088,110262,MAGDA,magda,Speisezimmerthür,NN,speisezimmerthür,28984,,
qd,w407.0,110088,110262,MAGDA,magda,zurückgezogen,VVPP,zurückziehen,28984,,
qd,w407.0,110088,110262,MAGDA,magda,hat,VAFIN,haben,28984,,
qd,w407.0,110088,110262,MAGDA,magda,",","$,",--,28984,,
qd,w407.0,110088,110262,MAGDA,magda,macht,VVFIN,machen,28984,,
qd,w407.0,110088,110262,MAGDA,magda,eine,ART,ein,28984,,
qd,w407.0,110088,110262,MAGDA,magda,flehende,ADJA,flehend,28984,,
qd,w407.0,110088,110262,MAGDA,magda,Bewegung,NN,bewegung,28984,,
qd,w407.0,110088,110262,MAGDA,magda,",","$,",--,28984,,
qd,w407.0,110088,110262,MAGDA,magda,welche,PRELS,welcher,28984,,
qd,w407.0,110088,110262,MAGDA,magda,er,PPER,er,28984,,
qd,w407.0,110088,110262,MAGDA,magda,nicht,PTKNEG,nicht,28984,,
qd,w407.0,110088,110262,MAGDA,magda,beachtet,VVPP,beachten,28984,,
qd,w407.0,110088,110262,MAGDA,magda,.,$.,--,28984,,
qd,w407.0,110265,110283,MAGDA,magda,Der,ART,der,28984,,
qd,w407.0,110265,110283,MAGDA,magda,Vorhang,NN,vorhang,28984,,
qd,w407.0,110265,110283,MAGDA,magda,fällt,VVFIN,fallen,28984,,
qd,w407.0,110265,110283,MAGDA,magda,.,$.,--,28984,,
qd,w407.0,110341,110363,_Stage,_Stage,Frau,NN,frau,28984,,(5
qd,w407.0,110341,110363,_Stage,_Stage,Schwartze,NE,schwartze,28984,,5)|(4)
qd,w407.0,110341,110363,_Stage,_Stage,.,$.,--,28984,,
qd,w407.0,110341,110363,_Stage,_Stage,Marie,NE,marie,28984,,(1)
qd,w407.0,110341,110363,_Stage,_Stage,.,$.,--,28984,,
qd,w407.0,110382,110427,FRAU SCHWARTZE,frau_schwartze,in,APPR,in,28984,,
qd,w407.0,110382,110427,FRAU SCHWARTZE,frau_schwartze,Hut,NN,hut,28984,,
qd,w407.0,110382,110427,FRAU SCHWARTZE,frau_schwartze,und,KON,und,28984,,
qd,w407.0,110382,110427,FRAU SCHWARTZE,frau_schwartze,Mantel,NE,mantel,28984,,
qd,w407.0,110382,110427,FRAU SCHWARTZE,frau_schwartze,",","$,",--,28984,,
qd,w407.0,110382,110427,FRAU SCHWARTZE,frau_schwartze,an,APPR,an,28984,,
qd,w407.0,110382,110427,FRAU SCHWARTZE,frau_schwartze,die,ART,der,28984,,
qd,w407.0,110382,110427,FRAU SCHWARTZE,frau_schwartze,Thür,NN,thür,28984,,
qd,w407.0,110382,110427,FRAU SCHWARTZE,frau_schwartze,links,ADV,links,28984,,
qd,w407.0,110382,110427,FRAU SCHWARTZE,frau_schwartze,pochend,ADJD,pochend,28984,,
qd,w407.0,110382,110427,FRAU SCHWARTZE,frau_schwartze,.,$.,--,28984,,
qd,w407.0,111044,111061,FRAU SCHWARTZE,frau_schwartze,sie,PPER,sie,28984,,
qd,w407.0,111044,111061,FRAU SCHWARTZE,frau_schwartze,zurückrufend,ADJD,zurückrufend,28984,,
qd,w407.0,111044,111061,FRAU SCHWARTZE,frau_schwartze,.,$.,--,28984,,
qd,w407.0,111259,111268,FRAU SCHWARTZE,frau_schwartze,Marie,NE,marie,28984,,(1)
qd,w407.0,111259,111268,FRAU SCHWARTZE,frau_schwartze,ab,PTKVZ,ab,28984,,
qd,w407.0,111259,111268,FRAU SCHWARTZE,frau_schwartze,.,$.,--,28984,,
qd,w407.0,111289,111303,FRAU SCHWARTZE,frau_schwartze,klopft,ADJD,klopfen,28984,,
qd,w407.0,111289,111303,FRAU SCHWARTZE,frau_schwartze,wieder,ADV,wieder,28984,,
qd,w407.0,111289,111303,FRAU SCHWARTZE,frau_schwartze,.,$.,--,28984,,
qd,w407.0,111412,111452,_Stage,_Stage,Frau,NN,frau,28984,,(5
qd,w407.0,111412,111452,_Stage,_Stage,Schwartze,NE,schwartze,28984,,5)|(4)
qd,w407.0,111412,111452,_Stage,_Stage,.,$.,--,28984,,
qd,w407.0,111412,111452,_Stage,_Stage,Schwartze,NN,schwartze,28984,,(4)
qd,w407.0,111412,111452,_Stage,_Stage,.,$.,--,28984,,
qd,w407.0,111412,111452,_Stage,_Stage,Später,ADJD,spät,28984,,
qd,w407.0,111412,111452,_Stage,_Stage,Magda,NE,magda,28984,,(10)
qd,w407.0,111412,111452,_Stage,_Stage,.,$.,--,28984,,
qd,w407.0,111466,111509,SCHWARTZE,schwartze,kommt,VVFIN,kommen,28984,,
qd,w407.0,111466,111509,SCHWARTZE,schwartze,wankend,ADJD,wankend,28984,,
qd,w407.0,111466,111509,SCHWARTZE,schwartze,und,KON,und,28984,,
qd,w407.0,111466,111509,SCHWARTZE,schwartze,entstellt,VVPP,entstellen,28984,,
qd,w407.0,111466,111509,SCHWARTZE,schwartze,hereingestürzt,VVPP,hereinstürzen,28984,,
qd,w407.0,111466,111509,SCHWARTZE,schwartze,.,$.,--,28984,,
qd,w407.0,111575,111598,SCHWARTZE,schwartze,in,APPR,in,28984,,
qd,w407.0,111575,111598,SCHWARTZE,schwartze,einen,ART,ein,28984,,
qd,w407.0,111575,111598,SCHWARTZE,schwartze,Stuhl,NN,stuhl,28984,,
qd,w407.0,111575,111598,SCHWARTZE,schwartze,sinkend,ADJD,sinkend,28984,,
qd,w407.0,111575,111598,SCHWARTZE,schwartze,.,$.,--,28984,,
qd,w407.0,111928,111956,MAGDA,magda,erscheint,VVFIN,erscheinen,28984,,
qd,w407.0,111928,111956,MAGDA,magda,in,APPR,in,28984,,
qd,w407.0,111928,111956,MAGDA,magda,der,ART,der,28984,,
qd,w407.0,111928,111956,MAGDA,magda,Thür,NN,thür,28984,,
qd,w407.0,111928,111956,MAGDA,magda,links,ADV,links,28984,,
qd,w407.0,111928,111956,MAGDA,magda,.,$.,--,28984,,
qd,w407.0,111977,111990,FRAU SCHWARTZE,frau_schwartze,ihr,PPOSAT,ihr,28984,,
qd,w407.0,111977,111990,FRAU SCHWARTZE,frau_schwartze,entgegen,PTKVZ,entgegen,28984,,
qd,w407.0,111977,111990,FRAU SCHWARTZE,frau_schwartze,.,$.,--,28984,,
qd,w407.0,112145,112170,MAGDA,magda,bescheiden,ADJD,bescheiden,28984,,
qd,w407.0,112145,112170,MAGDA,magda,",","$,",--,28984,,
qd,w407.0,112145,112170,MAGDA,magda,fast,ADV,fast,28984,,
qd,w407.0,112145,112170,MAGDA,magda,bittend,ADJD,bittend,28984,,
qd,w407.0,112145,112170,MAGDA,magda,.,$.,--,28984,,
qd,w407.0,112874,112883,MAGDA,magda,für,APPR,für,28984,,
qd,w407.0,112874,112883,MAGDA,magda,sich,PRF,sich,28984,,
qd,w407.0,112874,112883,MAGDA,magda,.,$.,--,28984,,
qd,w407.0,112923,112941,SCHWARTZE,schwartze,zu,APPR,zu,28984,,
qd,w407.0,112923,112941,SCHWARTZE,schwartze,Frau,NN,frau,28984,,(5
qd,w407.0,112923,112941,SCHWARTZE,schwartze,Schwartze,NE,schwartze,28984,,5)|(4)
qd,w407.0,112923,112941,SCHWARTZE,schwartze,.,$.,--,28984,,
qd,w407.0,113051,113128,MAGDA,magda,in,APPR,in,28984,,
qd,w407.0,113051,113128,MAGDA,magda,zärtlichem,ADJA,zärtlich,28984,,
qd,w407.0,113051,113128,MAGDA,magda,Mitleid,NN,mitleid,28984,,
qd,w407.0,113051,113128,MAGDA,magda,",","$,",--,28984,,
qd,w407.0,113051,113128,MAGDA,magda,doch,KON,doch,28984,,
qd,w407.0,113051,113128,MAGDA,magda,immer,ADV,immer,28984,,
qd,w407.0,113051,113128,MAGDA,magda,noch,ADV,noch,28984,,
qd,w407.0,113051,113128,MAGDA,magda,mit,APPR,mit,28984,,
qd,w407.0,113051,113128,MAGDA,magda,einem,ART,ein,28984,,
qd,w407.0,113051,113128,MAGDA,magda,Rest,NN,rest,28984,,
qd,w407.0,113051,113128,MAGDA,magda,innerer,ADJA,innerer,28984,,
qd,w407.0,113051,113128,MAGDA,magda,Ueberlegenheit,NN,ueberlegenheit,28984,,
qd,w407.0,113051,113128,MAGDA,magda,.,$.,--,28984,,
qd,w407.0,114264,114287,SCHWARTZE,schwartze,ihr,PPOSAT,ihr,28984,,
qd,w407.0,114264,114287,SCHWARTZE,schwartze,den,ART,der,28984,,
qd,w407.0,114264,114287,SCHWARTZE,schwartze,Weg,NN,weg,28984,,
qd,w407.0,114264,114287,SCHWARTZE,schwartze,vertretend,ADJD,vertretend,28984,,
qd,w407.0,114264,114287,SCHWARTZE,schwartze,.,$.,--,28984,,
qd,w407.0,114466,114491,_Stage,_Stage,Die,ART,der,28984,,
qd,w407.0,114466,114491,_Stage,_Stage,Vorigen,NN,vorige,28984,,
qd,w407.0,114466,114491,_Stage,_Stage,.,$.,--,28984,,
qd,w407.0,114466,114491,_Stage,_Stage,Der,ART,der,28984,,
qd,w407.0,114466,114491,_Stage,_Stage,Pfarrer,NN,pfarrer,28984,,(9)
qd,w407.0,114466,114491,_Stage,_Stage,.,$.,--,28984,,
qd,w407.0,114503,114557,PFARRER,pfarrer,wirft,VVFIN,werfen,28984,,
qd,w407.0,114503,114557,PFARRER,pfarrer,sich,PRF,sich,28984,,
qd,w407.0,114503,114557,PFARRER,pfarrer,mit,APPR,mit,28984,,
qd,w407.0,114503,114557,PFARRER,pfarrer,einem,ART,ein,28984,,
qd,w407.0,114503,114557,PFARRER,pfarrer,Ausruf,NN,ausruf,28984,,
qd,w407.0,114503,114557,PFARRER,pfarrer,des,ART,der,28984,,
qd,w407.0,114503,114557,PFARRER,pfarrer,Schreckens,NN,schrecken,28984,,
qd,w407.0,114503,114557,PFARRER,pfarrer,dazwischen,PROAV,dazwischen,28984,,
qd,w407.0,114503,114557,PFARRER,pfarrer,.,$.,--,28984,,
qd,w407.0,114569,114734,MAGDA,magda,vom,APPRART,von,28984,,
qd,w407.0,114569,114734,MAGDA,magda,Alten,ADJA,alte,28984,,
qd,w407.0,114569,114734,MAGDA,magda,freigelassen,VVPP,freilassen,28984,,
qd,w407.0,114569,114734,MAGDA,magda,",","$,",--,28984,,
qd,w407.0,114569,114734,MAGDA,magda,geht,VVFIN,gehen,28984,,
qd,w407.0,114569,114734,MAGDA,magda,langsam,ADJD,langsam,28984,,
qd,w407.0,114569,114734,MAGDA,magda,",","$,",--,28984,,
qd,w407.0,114569,114734,MAGDA,magda,die,ART,der,28984,,
qd,w407.0,114569,114734,MAGDA,magda,Blicke,NN,blick,28984,,
qd,w407.0,114569,114734,MAGDA,magda,auf,APPR,auf,28984,,
qd,w407.0,114569,114734,MAGDA,magda,den,ART,der,28984,,
qd,w407.0,114569,114734,MAGDA,magda,Pfarrer,NN,pfarrer,28984,,(9)
qd,w407.0,114569,114734,MAGDA,magda,geheftet,VVPP,heften,28984,,
qd,w407.0,114569,114734,MAGDA,magda,",","$,",--,28984,,
qd,w407.0,114569,114734,MAGDA,magda,zurück,PTKVZ,zurück,28984,,
qd,w407.0,114569,114734,MAGDA,magda,und,KON,und,28984,,
qd,w407.0,114569,114734,MAGDA,magda,sinkt,VVFIN,sinken,28984,,
qd,w407.0,114569,114734,MAGDA,magda,in,APPR,in,28984,,
qd,w407.0,114569,114734,MAGDA,magda,den,ART,der,28984,,
qd,w407.0,114569,114734,MAGDA,magda,Sessel,NN,sessel,28984,,
qd,w407.0,114569,114734,MAGDA,magda,links,ADV,links,28984,,
qd,w407.0,114569,114734,MAGDA,magda,",","$,",--,28984,,
qd,w407.0,114569,114734,MAGDA,magda,wo,PWAV,wo,28984,,
qd,w407.0,114569,114734,MAGDA,magda,sie,PPER,sie,28984,,
qd,w407.0,114569,114734,MAGDA,magda,während,APPR,während,28984,,
qd,w407.0,114569,114734,MAGDA,magda,des,ART,der,28984,,
qd,w407.0,114569,114734,MAGDA,magda,Folgenden,NN,folgend,28984,,
qd,w407.0,114569,114734,MAGDA,magda,fast,ADV,fast,28984,,
qd,w407.0,114569,114734,MAGDA,magda,regungslos,ADJD,regungslos,28984,,
qd,w407.0,114569,114734,MAGDA,magda,bleibt,VVFIN,bleiben,28984,,
qd,w407.0,114569,114734,MAGDA,magda,.,$.,--,28984,,
qd,w407.0,114748,114769,PFARRER,pfarrer,nach,APPR,nach,28984,,
qd,w407.0,114748,114769,PFARRER,pfarrer,einem,ART,ein,28984,,
qd,w407.0,114748,114769,PFARRER,pfarrer,Schweigen,NN,schweigen,28984,,
qd,w407.0,114748,114769,PFARRER,pfarrer,.,$.,--,28984,,
qd,w407.0,115752,115777,FRAU SCHWARTZE,frau_schwartze,bringt,VVFIN,bringen,28984,,
qd,w407.0,115752,115777,FRAU SCHWARTZE,frau_schwartze,ihm,PPER,ihm,28984,,
qd,w407.0,115752,115777,FRAU SCHWARTZE,frau_schwartze,Hut,NN,hut,28984,,
qd,w407.0,115752,115777,FRAU SCHWARTZE,frau_schwartze,und,KON,und,28984,,
qd,w407.0,115752,115777,FRAU SCHWARTZE,frau_schwartze,Stock,NN,stock,28984,,
qd,w407.0,115752,115777,FRAU SCHWARTZE,frau_schwartze,.,$.,--,28984,,
qd,w407.0,115974,116024,MAGDA,magda,in,APPR,in,28984,,
qd,w407.0,115974,116024,MAGDA,magda,dem,ART,der,28984,,
qd,w407.0,115974,116024,MAGDA,magda,Sessel,NN,sessel,28984,,
qd,w407.0,115974,116024,MAGDA,magda,niederkniend,ADJD,niederkniend,28984,,
qd,w407.0,115974,116024,MAGDA,magda,und,KON,und,28984,,
qd,w407.0,115974,116024,MAGDA,magda,seine,PPOSAT,sein,28984,,
qd,w407.0,115974,116024,MAGDA,magda,Hand,NN,hand,28984,,
qd,w407.0,115974,116024,MAGDA,magda,küssend,ADJD,küssend,28984,,
qd,w407.0,115974,116024,MAGDA,magda,.,$.,--,28984,,
qd,w407.0,116094,116139,SCHWARTZE,schwartze,neigt,VVFIN,neigen,28984,,
qd,w407.0,116094,116139,SCHWARTZE,schwartze,sich,PRF,sich,28984,,
qd,w407.0,116094,116139,SCHWARTZE,schwartze,weinend,ADJD,weinend,28984,,
qd,w407.0,116094,116139,SCHWARTZE,schwartze,auf,APPR,auf,28984,,
qd,w407.0,116094,116139,SCHWARTZE,schwartze,ihren,PPOSAT,ihr,28984,,
qd,w407.0,116094,116139,SCHWARTZE,schwartze,Scheitel,NN,scheitel,28984,,
qd,w407.0,116094,116139,SCHWARTZE,schwartze,nieder,PTKVZ,nieder,28984,,
qd,w407.0,116094,116139,SCHWARTZE,schwartze,.,$.,--,28984,,
qd,w407.0,116188,116203,MAGDA,magda,ihm,PPER,ihm,28984,,
qd,w407.0,116188,116203,MAGDA,magda,nachrufend,ADJD,nachrufend,28984,,
qd,w407.0,116188,116203,MAGDA,magda,.,$.,--,28984,,
qd,w407.0,116215,116234,MAGDA,magda,Schwartze,NN,schwartze,28984,,(4)
qd,w407.0,116215,116234,MAGDA,magda,rasch,ADJD,rasch,28984,,
qd,w407.0,116215,116234,MAGDA,magda,ab,PTKVZ,ab,28984,,
qd,w407.0,116215,116234,MAGDA,magda,.,$.,--,28984,,
qd,w407.0,116278,116313,_Stage,_Stage,Frau,NN,frau,28984,,(5
qd,w407.0,116278,116313,_Stage,_Stage,Schwartze,NE,schwartze,28984,,5)|(4)
qd,w407.0,116278,116313,_Stage,_Stage,.,$.,--,28984,,
qd,w407.0,116278,116313,_Stage,_Stage,Der,ART,der,28984,,
qd,w407.0,116278,116313,_Stage,_Stage,Pfarrer,NN,pfarrer,28984,,(9)
qd,w407.0,116278,116313,_Stage,_Stage,.,$.,--,28984,,
qd,w407.0,116278,116313,_Stage,_Stage,Magda,NE,magda,28984,,(10)
qd,w407.0,116278,116313,_Stage,_Stage,.,$.,--,28984,,
qd,w407.0,116744,116766,MAGDA,magda,fährt,VVFIN,fahren,28984,,
qd,w407.0,116744,116766,MAGDA,magda,schmerzvoll,ADJD,schmerzvoll,28984,,
qd,w407.0,116744,116766,MAGDA,magda,auf,PTKVZ,auf,28984,,
qd,w407.0,116744,116766,MAGDA,magda,.,$.,--,28984,,
qd,w407.0,116868,116887,_Stage,_Stage,Magda,NE,magda,28984,,(10)
qd,w407.0,116868,116887,_Stage,_Stage,.,$.,--,28984,,
qd,w407.0,116868,116887,_Stage,_Stage,Der,ART,der,28984,,
qd,w407.0,116868,116887,_Stage,_Stage,Pfarrer,NN,pfarrer,28984,,(9)
qd,w407.0,116868,116887,_Stage,_Stage,.,$.,--,28984,,
qd,w407.0,116897,116918,MAGDA,magda,nach,APPR,nach,28984,,
qd,w407.0,116897,116918,MAGDA,magda,einem,ART,ein,28984,,
qd,w407.0,116897,116918,MAGDA,magda,Schweigen,NN,schweigen,28984,,
qd,w407.0,116897,116918,MAGDA,magda,.,$.,--,28984,,
qd,w407.0,116982,116990,MAGDA,magda,brütend,ADJD,brütend,28984,,
qd,w407.0,116982,116990,MAGDA,magda,.,$.,--,28984,,
qd,w407.0,117330,117350,MAGDA,magda,mit,APPR,mit,28984,,
qd,w407.0,117330,117350,MAGDA,magda,bitterem,ADJA,bitter,28984,,
qd,w407.0,117330,117350,MAGDA,magda,Lachen,NN,lachen,28984,,
qd,w407.0,117330,117350,MAGDA,magda,.,$.,--,28984,,
qd,w407.0,118041,118063,MAGDA,magda,in,APPR,in,28984,,
qd,w407.0,118041,118063,MAGDA,magda,ausbrechender,ADJA,ausbrechend,28984,,
qd,w407.0,118041,118063,MAGDA,magda,Qual,NN,qual,28984,,
qd,w407.0,118041,118063,MAGDA,magda,.,$.,--,28984,,
qd,w407.0,118948,119019,PFARRER,pfarrer,bezwingt,VVFIN,bezwingen,28984,,
qd,w407.0,118948,119019,PFARRER,pfarrer,ein,ART,ein,28984,,
qd,w407.0,118948,119019,PFARRER,pfarrer,heftiges,ADJA,heftig,28984,,
qd,w407.0,118948,119019,PFARRER,pfarrer,Zusammenschrecken,NN,zusammenschrecken,28984,,
qd,w407.0,118948,119019,PFARRER,pfarrer,–,VVFIN,–,28984,,
qd,w407.0,118948,119019,PFARRER,pfarrer,nach,APPR,nach,28984,,
qd,w407.0,118948,119019,PFARRER,pfarrer,einem,ART,ein,28984,,
qd,w407.0,118948,119019,PFARRER,pfarrer,Schweigen,NN,schweigen,28984,,
qd,w407.0,118948,119019,PFARRER,pfarrer,",","$,",--,28984,,
qd,w407.0,118948,119019,PFARRER,pfarrer,heiser,ADJD,heise,28984,,
qd,w407.0,118948,119019,PFARRER,pfarrer,.,$.,--,28984,,
qd,w407.0,119511,119533,MAGDA,magda,in,APPR,in,28984,,
qd,w407.0,119511,119533,MAGDA,magda,erwachender,ADJA,erwachend,28984,,
qd,w407.0,119511,119533,MAGDA,magda,Ahnung,NN,ahnung,28984,,
qd,w407.0,119511,119533,MAGDA,magda,.,$.,--,28984,,
qd,w407.0,119937,119957,MAGDA,magda,in,APPR,in,28984,,
qd,w407.0,119937,119957,MAGDA,magda,wachsender,ADJA,wachsend,28984,,
qd,w407.0,119937,119957,MAGDA,magda,Angst,NN,angst,28984,,
qd,w407.0,119937,119957,MAGDA,magda,.,$.,--,28984,,
qd,w407.0,120585,120590,PFARRER,pfarrer,hart,ADJD,hart,28984,,
qd,w407.0,120585,120590,PFARRER,pfarrer,.,$.,--,28984,,
qd,w407.0,120810,120843,MAGDA,magda,verbirgt,VVFIN,verbergen,28984,,
qd,w407.0,120810,120843,MAGDA,magda,schluchzend,ADJD,schluchzend,28984,,
qd,w407.0,120810,120843,MAGDA,magda,ihr,PPOSAT,ihr,28984,,
qd,w407.0,120810,120843,MAGDA,magda,Gesicht,NN,gesicht,28984,,
qd,w407.0,120810,120843,MAGDA,magda,.,$.,--,28984,,
qd,w407.0,120857,120941,PFARRER,pfarrer,ihr,PPOSAT,ihr,28984,,
qd,w407.0,120857,120941,PFARRER,pfarrer,gegenübertretend,ADJD,gegenübertretend,28984,,
qd,w407.0,120857,120941,PFARRER,pfarrer,",","$,",--,28984,,
qd,w407.0,120857,120941,PFARRER,pfarrer,fährt,VVFIN,fahren,28984,,
qd,w407.0,120857,120941,PFARRER,pfarrer,über,APPR,über,28984,,
qd,w407.0,120857,120941,PFARRER,pfarrer,den,ART,der,28984,,
qd,w407.0,120857,120941,PFARRER,pfarrer,Tisch,NN,tisch,28984,,
qd,w407.0,120857,120941,PFARRER,pfarrer,weg,ADV,weg,28984,,
qd,w407.0,120857,120941,PFARRER,pfarrer,mitleidig,ADJD,mitleidig,28984,,
qd,w407.0,120857,120941,PFARRER,pfarrer,mit,APPR,mit,28984,,
qd,w407.0,120857,120941,PFARRER,pfarrer,der,ART,der,28984,,
qd,w407.0,120857,120941,PFARRER,pfarrer,Hand,NN,hand,28984,,
qd,w407.0,120857,120941,PFARRER,pfarrer,über,APPR,über,28984,,
qd,w407.0,120857,120941,PFARRER,pfarrer,ihr,PPOSAT,ihr,28984,,
qd,w407.0,120857,120941,PFARRER,pfarrer,Haar,NN,haar,28984,,
qd,w407.0,120857,120941,PFARRER,pfarrer,.,$.,--,28984,,
qd,w407.0,120969,120991,MAGDA,magda,diese,PDAT,dieser,28984,,
qd,w407.0,120969,120991,MAGDA,magda,Hand,NN,hand,28984,,
qd,w407.0,120969,120991,MAGDA,magda,ergreifend,ADJD,ergreifend,28984,,
qd,w407.0,120969,120991,MAGDA,magda,.,$.,--,28984,,
qd,w407.0,121221,121260,PFARRER,pfarrer,gepreßt,VVPP,pressen,28984,,
qd,w407.0,121221,121260,PFARRER,pfarrer,",","$,",--,28984,,
qd,w407.0,121221,121260,PFARRER,pfarrer,als,KOUS,als,28984,,
qd,w407.0,121221,121260,PFARRER,pfarrer,spräche,VVFIN,spräch,28984,,
qd,w407.0,121221,121260,PFARRER,pfarrer,er,PPER,er,28984,,
qd,w407.0,121221,121260,PFARRER,pfarrer,ein,ART,ein,28984,,
qd,w407.0,121221,121260,PFARRER,pfarrer,Geständnis,NN,geständnis,28984,,
qd,w407.0,121221,121260,PFARRER,pfarrer,.,$.,--,28984,,
qd,w407.0,121340,121357,MAGDA,magda,nach,APPR,nach,28984,,
qd,w407.0,121340,121357,MAGDA,magda,einer,ART,ein,28984,,
qd,w407.0,121340,121357,MAGDA,magda,Pause,NN,pause,28984,,
qd,w407.0,121340,121357,MAGDA,magda,.,$.,--,28984,,
qd,w407.0,121585,121647,MAGDA,magda,bleibt,VVFIN,bleiben,28984,,
qd,w407.0,121585,121647,MAGDA,magda,",","$,",--,28984,,
qd,w407.0,121585,121647,MAGDA,magda,das,ART,der,28984,,
qd,w407.0,121585,121647,MAGDA,magda,Gesicht,NN,gesicht,28984,,
qd,w407.0,121585,121647,MAGDA,magda,in,APPR,in,28984,,
qd,w407.0,121585,121647,MAGDA,magda,den,ART,der,28984,,
qd,w407.0,121585,121647,MAGDA,magda,Händen,NN,hand,28984,,
qd,w407.0,121585,121647,MAGDA,magda,regungslos,ADJD,regungslos,28984,,
qd,w407.0,121585,121647,MAGDA,magda,",","$,",--,28984,,
qd,w407.0,121585,121647,MAGDA,magda,bis,KOUS,bis,28984,,
qd,w407.0,121585,121647,MAGDA,magda,er,PPER,er,28984,,
qd,w407.0,121585,121647,MAGDA,magda,fort,PTKVZ,fort,28984,,
qd,w407.0,121585,121647,MAGDA,magda,ist,VAFIN,sein,28984,,
qd,w407.0,121585,121647,MAGDA,magda,.,$.,--,28984,,
qd,w407.0,121691,121704,_Stage,_Stage,Magda,NE,magda,28984,,(10)
qd,w407.0,121691,121704,_Stage,_Stage,.,$.,--,28984,,
qd,w407.0,121691,121704,_Stage,_Stage,Marie,NE,marie,28984,,(1)
qd,w407.0,121691,121704,_Stage,_Stage,.,$.,--,28984,,
qd,w407.0,122158,122196,MAGDA,magda,Ab,APPR,ab,28984,,
qd,w407.0,122158,122196,MAGDA,magda,nach,APPR,nach,28984,,
qd,w407.0,122158,122196,MAGDA,magda,links,ADV,links,28984,,
qd,w407.0,122158,122196,MAGDA,magda,.,$.,--,28984,,
qd,w407.0,122158,122196,MAGDA,magda,Marie,NN,marie,28984,,(1)
qd,w407.0,122158,122196,MAGDA,magda,zum,APPRART,zu,28984,,
qd,w407.0,122158,122196,MAGDA,magda,Speisezimmer,NN,speisezimmer,28984,,
qd,w407.0,122158,122196,MAGDA,magda,.,$.,--,28984,,
qd,w407.0,122241,122551,_Stage,_Stage,Schwartze,NN,schwartze,28984,,(4)
qd,w407.0,122241,122551,_Stage,_Stage,",","$,",--,28984,,
qd,w407.0,122241,122551,_Stage,_Stage,allein,ADV,allein,28984,,
qd,w407.0,122241,122551,_Stage,_Stage,",","$,",--,28984,,
qd,w407.0,122241,122551,_Stage,_Stage,holt,VVFIN,holen,28984,,
qd,w407.0,122241,122551,_Stage,_Stage,pfeifend,ADJD,pfeifend,28984,,
qd,w407.0,122241,122551,_Stage,_Stage,einen,ART,ein,28984,,
qd,w407.0,122241,122551,_Stage,_Stage,Pistolenkasten,NN,pistolenkast,28984,,
qd,w407.0,122241,122551,_Stage,_Stage,hervor,PTKVZ,hervor,28984,,
qd,w407.0,122241,122551,_Stage,_Stage,",","$,",--,28984,,
qd,w407.0,122241,122551,_Stage,_Stage,schließt,VVFIN,schließen,28984,,
qd,w407.0,122241,122551,_Stage,_Stage,ihn,PPER,ihn,28984,,
qd,w407.0,122241,122551,_Stage,_Stage,auf,PTKVZ,auf,28984,,
qd,w407.0,122241,122551,_Stage,_Stage,",","$,",--,28984,,
qd,w407.0,122241,122551,_Stage,_Stage,prüft,VVFIN,prüfen,28984,,
qd,w407.0,122241,122551,_Stage,_Stage,eine,ART,ein,28984,,
qd,w407.0,122241,122551,_Stage,_Stage,Pistole,NN,pistole,28984,,
qd,w407.0,122241,122551,_Stage,_Stage,",","$,",--,28984,,
qd,w407.0,122241,122551,_Stage,_Stage,spannt,VVFIN,spannen,28984,,
qd,w407.0,122241,122551,_Stage,_Stage,mühsam,ADJD,mühsam,28984,,
qd,w407.0,122241,122551,_Stage,_Stage,den,ART,der,28984,,
qd,w407.0,122241,122551,_Stage,_Stage,Hahn,NN,hahn,28984,,
qd,w407.0,122241,122551,_Stage,_Stage,",","$,",--,28984,,
qd,w407.0,122241,122551,_Stage,_Stage,untersucht,VVPP,untersuchen,28984,,
qd,w407.0,122241,122551,_Stage,_Stage,den,ART,der,28984,,
qd,w407.0,122241,122551,_Stage,_Stage,Lauf,NN,lauf,28984,,
qd,w407.0,122241,122551,_Stage,_Stage,",","$,",--,28984,,
qd,w407.0,122241,122551,_Stage,_Stage,zielt,VVFIN,zielen,28984,,
qd,w407.0,122241,122551,_Stage,_Stage,nach,APPR,nach,28984,,
qd,w407.0,122241,122551,_Stage,_Stage,einem,ART,ein,28984,,
qd,w407.0,122241,122551,_Stage,_Stage,Punkte,NN,punkt,28984,,
qd,w407.0,122241,122551,_Stage,_Stage,der,ART,der,28984,,
qd,w407.0,122241,122551,_Stage,_Stage,Wand,NN,wand,28984,,
qd,w407.0,122241,122551,_Stage,_Stage,",","$,",--,28984,,
qd,w407.0,122241,122551,_Stage,_Stage,wobei,PWAV,wobei,28984,,
qd,w407.0,122241,122551,_Stage,_Stage,das,ART,der,28984,,
qd,w407.0,122241,122551,_Stage,_Stage,Zittern,NN,zittern,28984,,
qd,w407.0,122241,122551,_Stage,_Stage,des,ART,der,28984,,
qd,w407.0,122241,122551,_Stage,_Stage,Armes,NN,arm,28984,,
qd,w407.0,122241,122551,_Stage,_Stage,stark,ADJD,stark,28984,,
qd,w407.0,122241,122551,_Stage,_Stage,bemerkbar,ADJD,bemerkbar,28984,,
qd,w407.0,122241,122551,_Stage,_Stage,wird,VAFIN,werden,28984,,
qd,w407.0,122241,122551,_Stage,_Stage,–,XY,–,28984,,
qd,w407.0,122241,122551,_Stage,_Stage,klopft,VVFIN,klopfen,28984,,
qd,w407.0,122241,122551,_Stage,_Stage,sich,PRF,sich,28984,,
qd,w407.0,122241,122551,_Stage,_Stage,wütend,ADJD,wütend,28984,,
qd,w407.0,122241,122551,_Stage,_Stage,auf,APPR,auf,28984,,
qd,w407.0,122241,122551,_Stage,_Stage,den,ART,der,28984,,
qd,w407.0,122241,122551,_Stage,_Stage,Arm,NN,arm,28984,,
qd,w407.0,122241,122551,_Stage,_Stage,–,XY,–,28984,,
qd,w407.0,122241,122551,_Stage,_Stage,Läßt,VVFIN,lassen,28984,,
qd,w407.0,122241,122551,_Stage,_Stage,brütend,ADJD,brütend,28984,,
qd,w407.0,122241,122551,_Stage,_Stage,die,ART,der,28984,,
qd,w407.0,122241,122551,_Stage,_Stage,Pistole,NN,pistole,28984,,
qd,w407.0,122241,122551,_Stage,_Stage,sinken,VVINF,sinken,28984,,
qd,w407.0,122241,122551,_Stage,_Stage,.,$.,--,28984,,
qd,w407.0,122241,122551,_Stage,_Stage,Max,NE,max,28984,,(2)
qd,w407.0,122241,122551,_Stage,_Stage,tritt,VVFIN,treten,28984,,
qd,w407.0,122241,122551,_Stage,_Stage,ein,PTKVZ,ein,28984,,
qd,w407.0,122241,122551,_Stage,_Stage,.,$.,--,28984,,
qd,w407.0,122565,122589,SCHWARTZE,schwartze,der,ART,der,28984,,
qd,w407.0,122565,122589,SCHWARTZE,schwartze,sich,PRF,sich,28984,,
qd,w407.0,122565,122589,SCHWARTZE,schwartze,nicht,PTKNEG,nicht,28984,,
qd,w407.0,122565,122589,SCHWARTZE,schwartze,umwendet,VVPP,umwenden,28984,,
qd,w407.0,122565,122589,SCHWARTZE,schwartze,.,$.,--,28984,,
qd,w407.0,123105,123122,MAX,max,auf,APPR,auf,28984,,
qd,w407.0,123105,123122,MAX,max,ihn,PPER,ihn,28984,,
qd,w407.0,123105,123122,MAX,max,zueilend,ADJD,zueilend,28984,,
qd,w407.0,123105,123122,MAX,max,.,$.,--,28984,,
qd,w407.0,124683,124706,THERESE,therese,vom,APPRART,von,28984,,
qd,w407.0,124683,124706,THERESE,therese,Flur,NN,flur,28984,,
qd,w407.0,124683,124706,THERESE,therese,hereinkommend,ADJD,hereinkommend,28984,,
qd,w407.0,124683,124706,THERESE,therese,.,$.,--,28984,,
qd,w407.0,124746,124769,THERESE,therese,Schwartze,NN,schwartze,28984,,(4)
qd,w407.0,124746,124769,THERESE,therese,fährt,VVFIN,fahren,28984,,
qd,w407.0,124746,124769,THERESE,therese,zurück,PTKVZ,zurück,28984,,
qd,w407.0,124746,124769,THERESE,therese,.,$.,--,28984,,
qd,w407.0,124918,124953,SCHWARTZE,schwartze,verneint,ADJD,verneinen,28984,,
qd,w407.0,124918,124953,SCHWARTZE,schwartze,–,XY,–,28984,,
qd,w407.0,124918,124953,SCHWARTZE,schwartze,winkt,VVFIN,winken,28984,,
qd,w407.0,124918,124953,SCHWARTZE,schwartze,ihm,PPER,ihm,28984,,
qd,w407.0,124918,124953,SCHWARTZE,schwartze,hinauszugehen,VVIZU,hinauszugehen,28984,,
qd,w407.0,124918,124953,SCHWARTZE,schwartze,.,$.,--,28984,,
qd,w407.0,124995,125013,_Stage,_Stage,Schwartze,NN,schwartze,28984,,(4)
qd,w407.0,124995,125013,_Stage,_Stage,.,$.,--,28984,,
qd,w407.0,124995,125013,_Stage,_Stage,Keller,NN,keller,28984,,(3)
qd,w407.0,124995,125013,_Stage,_Stage,.,$.,--,28984,,
qd,w407.0,125024,125137,KELLER,keller,trifft,VVFIN,treffen,28984,,
qd,w407.0,125024,125137,KELLER,keller,in,APPR,in,28984,,
qd,w407.0,125024,125137,KELLER,keller,der,ART,der,28984,,
qd,w407.0,125024,125137,KELLER,keller,Thür,NN,thür,28984,,
qd,w407.0,125024,125137,KELLER,keller,mit,APPR,mit,28984,,
qd,w407.0,125024,125137,KELLER,keller,dem,ART,der,28984,,
qd,w407.0,125024,125137,KELLER,keller,hinausgehenden,ADJA,hinausgehend,28984,,
qd,w407.0,125024,125137,KELLER,keller,Max,NE,max,28984,,(2)
qd,w407.0,125024,125137,KELLER,keller,zusammen,PTKVZ,zusammen,28984,,
qd,w407.0,125024,125137,KELLER,keller,",","$,",--,28984,,
qd,w407.0,125024,125137,KELLER,keller,den,PRELS,der,28984,,
qd,w407.0,125024,125137,KELLER,keller,er,PPER,er,28984,,
qd,w407.0,125024,125137,KELLER,keller,verbindlich,ADJD,verbindlich,28984,,
qd,w407.0,125024,125137,KELLER,keller,grüßt,VVFIN,grüßen,28984,,
qd,w407.0,125024,125137,KELLER,keller,und,KON,und,28984,,
qd,w407.0,125024,125137,KELLER,keller,der,ART,der,28984,,
qd,w407.0,125024,125137,KELLER,keller,ihn,PPER,ihn,28984,,
qd,w407.0,125024,125137,KELLER,keller,herausfordernd,ADJD,herausfordernd,28984,,
qd,w407.0,125024,125137,KELLER,keller,mißt,VVFIN,messen,28984,,
qd,w407.0,125024,125137,KELLER,keller,.,$.,--,28984,,
qd,w407.0,126455,126466,SCHWARTZE,schwartze,auffahrend,ADJD,auffahrend,28984,,
qd,w407.0,126455,126466,SCHWARTZE,schwartze,.,$.,--,28984,,
qd,w407.0,127166,127218,SCHWARTZE,schwartze,sitzt,VVFIN,sitzen,28984,,
qd,w407.0,127166,127218,SCHWARTZE,schwartze,still,ADJD,still,28984,,
qd,w407.0,127166,127218,SCHWARTZE,schwartze,und,KON,und,28984,,
qd,w407.0,127166,127218,SCHWARTZE,schwartze,atmet,VVFIN,atmen,28984,,
qd,w407.0,127166,127218,SCHWARTZE,schwartze,schwer,ADJD,schwer,28984,,
qd,w407.0,127166,127218,SCHWARTZE,schwartze,",","$,",--,28984,,
qd,w407.0,127166,127218,SCHWARTZE,schwartze,das,ART,der,28984,,
qd,w407.0,127166,127218,SCHWARTZE,schwartze,Weinen,NN,wein,28984,,
qd,w407.0,127166,127218,SCHWARTZE,schwartze,verbeißend,ADJD,verbeißend,28984,,
qd,w407.0,127166,127218,SCHWARTZE,schwartze,.,$.,--,28984,,
qd,w407.0,127318,127350,SCHWARTZE,schwartze,nach,APPR,nach,28984,,
qd,w407.0,127318,127350,SCHWARTZE,schwartze,seiner,PPOSAT,sein,28984,,
qd,w407.0,127318,127350,SCHWARTZE,schwartze,Hand,NN,hand,28984,,
qd,w407.0,127318,127350,SCHWARTZE,schwartze,hinübertastend,ADJD,hinübertastend,28984,,
qd,w407.0,127318,127350,SCHWARTZE,schwartze,.,$.,--,28984,,
qd,w407.0,127558,127621,SCHWARTZE,schwartze,aufstehend,ADJD,aufstehend,28984,,
qd,w407.0,127558,127621,SCHWARTZE,schwartze,und,KON,und,28984,,
qd,w407.0,127558,127621,SCHWARTZE,schwartze,dabei,PROAV,dabei,28984,,
qd,w407.0,127558,127621,SCHWARTZE,schwartze,den,ART,der,28984,,
qd,w407.0,127558,127621,SCHWARTZE,schwartze,Deckel,NN,deckel,28984,,
qd,w407.0,127558,127621,SCHWARTZE,schwartze,des,ART,der,28984,,
qd,w407.0,127558,127621,SCHWARTZE,schwartze,Pistolenkastens,NN,pistolenkasten,28984,,
qd,w407.0,127558,127621,SCHWARTZE,schwartze,zuklappend,ADJD,zuklappend,28984,,
qd,w407.0,127558,127621,SCHWARTZE,schwartze,.,$.,--,28984,,
qd,w407.0,127986,128053,SCHWARTZE,schwartze,öffnet,VVFIN,öffnen,28984,,
qd,w407.0,127986,128053,SCHWARTZE,schwartze,die,ART,der,28984,,
qd,w407.0,127986,128053,SCHWARTZE,schwartze,Flurthür,NN,flurthür,28984,,
qd,w407.0,127986,128053,SCHWARTZE,schwartze,und,KON,und,28984,,
qd,w407.0,127986,128053,SCHWARTZE,schwartze,spricht,VVFIN,sprechen,28984,,
qd,w407.0,127986,128053,SCHWARTZE,schwartze,hinaus,PTKVZ,hinaus,28984,,
qd,w407.0,127986,128053,SCHWARTZE,schwartze,",","$,",--,28984,,
qd,w407.0,127986,128053,SCHWARTZE,schwartze,öffnet,VVFIN,öffnen,28984,,
qd,w407.0,127986,128053,SCHWARTZE,schwartze,dann,ADV,dann,28984,,
qd,w407.0,127986,128053,SCHWARTZE,schwartze,die,ART,der,28984,,
qd,w407.0,127986,128053,SCHWARTZE,schwartze,Thür,NN,thür,28984,,
qd,w407.0,127986,128053,SCHWARTZE,schwartze,links,ADV,links,28984,,
qd,w407.0,127986,128053,SCHWARTZE,schwartze,.,$.,--,28984,,
qd,w407.0,128105,128124,_Stage,_Stage,Die,ART,der,28984,,
qd,w407.0,128105,128124,_Stage,_Stage,Vorigen,NN,vorige,28984,,
qd,w407.0,128105,128124,_Stage,_Stage,.,$.,--,28984,,
qd,w407.0,128105,128124,_Stage,_Stage,Magda,NE,magda,28984,,(10)
qd,w407.0,128105,128124,_Stage,_Stage,.,$.,--,28984,,
qd,w407.0,128347,128355,MAGDA,magda,besorgt,ADJD,besorgen,28984,,
qd,w407.0,128347,128355,MAGDA,magda,.,$.,--,28984,,
qd,w407.0,128499,128502,SCHWARTZE,schwartze,Ab,APPR,ab,28984,,
qd,w407.0,128499,128502,SCHWARTZE,schwartze,.,$.,--,28984,,
qd,w407.0,128547,128561,_Stage,_Stage,Keller,NN,keller,28984,,(3)
qd,w407.0,128547,128561,_Stage,_Stage,.,$.,--,28984,,
qd,w407.0,128547,128561,_Stage,_Stage,Magda,NE,magda,28984,,(10)
qd,w407.0,128547,128561,_Stage,_Stage,.,$.,--,28984,,
qd,w407.0,130212,130222,KELLER,keller,abwehrend,ADJD,abwehrend,28984,,
qd,w407.0,130212,130222,KELLER,keller,.,$.,--,28984,,
qd,w407.0,131750,131759,MAGDA,magda,für,APPR,für,28984,,
qd,w407.0,131750,131759,MAGDA,magda,sich,PRF,sich,28984,,
qd,w407.0,131750,131759,MAGDA,magda,.,$.,--,28984,,
qd,w407.0,131857,131876,MAGDA,magda,schüttelt,VVFIN,schütteln,28984,,
qd,w407.0,131857,131876,MAGDA,magda,den,ART,der,28984,,
qd,w407.0,131857,131876,MAGDA,magda,Kopf,NN,kopf,28984,,
qd,w407.0,131857,131876,MAGDA,magda,.,$.,--,28984,,
qd,w407.0,132905,132928,MAGDA,magda,entsetzt,ADJD,entsetzen,28984,,
qd,w407.0,132905,132928,MAGDA,magda,und,KON,und,28984,,
qd,w407.0,132905,132928,MAGDA,magda,ungläubig,ADJD,ungläubig,28984,,
qd,w407.0,132905,132928,MAGDA,magda,.,$.,--,28984,,
qd,w407.0,133545,133629,MAGDA,magda,bricht,VVFIN,brechen,28984,,
qd,w407.0,133545,133629,MAGDA,magda,in,APPR,in,28984,,
qd,w407.0,133545,133629,MAGDA,magda,ein,ART,ein,28984,,
qd,w407.0,133545,133629,MAGDA,magda,gellendes,ADJA,gellend,28984,,
qd,w407.0,133545,133629,MAGDA,magda,Lachen,NN,lachen,28984,,
qd,w407.0,133545,133629,MAGDA,magda,aus,PTKVZ,aus,28984,,
qd,w407.0,133545,133629,MAGDA,magda,",","$,",--,28984,,
qd,w407.0,133545,133629,MAGDA,magda,dann,ADV,dann,28984,,
qd,w407.0,133545,133629,MAGDA,magda,die,ART,der,28984,,
qd,w407.0,133545,133629,MAGDA,magda,Hände,NN,hand,28984,,
qd,w407.0,133545,133629,MAGDA,magda,faltend,ADJD,faltend,28984,,
qd,w407.0,133545,133629,MAGDA,magda,und,KON,und,28984,,
qd,w407.0,133545,133629,MAGDA,magda,vor,APPR,vor,28984,,
qd,w407.0,133545,133629,MAGDA,magda,sich,PRF,sich,28984,,
qd,w407.0,133545,133629,MAGDA,magda,hinstarrend,ADJD,hinstarrend,28984,,
qd,w407.0,133545,133629,MAGDA,magda,.,$.,--,28984,,
qd,w407.0,133826,133849,_Stage,_Stage,Die,ART,der,28984,,
qd,w407.0,133826,133849,_Stage,_Stage,Vorigen,NN,vorige,28984,,
qd,w407.0,133826,133849,_Stage,_Stage,.,$.,--,28984,,
qd,w407.0,133826,133849,_Stage,_Stage,Schwartze,NN,schwartze,28984,,(4)
qd,w407.0,133826,133849,_Stage,_Stage,.,$.,--,28984,,
qd,w407.0,134896,134935,SCHWARTZE,schwartze,Bewegung,NN,bewegung,28984,,
qd,w407.0,134896,134935,SCHWARTZE,schwartze,.,$.,--,28984,,
qd,w407.0,134896,134935,SCHWARTZE,schwartze,Magda,NE,magda,28984,,(10)
qd,w407.0,134896,134935,SCHWARTZE,schwartze,richtet,VVFIN,richten,28984,,
qd,w407.0,134896,134935,SCHWARTZE,schwartze,sich,PRF,sich,28984,,
qd,w407.0,134896,134935,SCHWARTZE,schwartze,jäh,ADJD,jäh,28984,,
qd,w407.0,134896,134935,SCHWARTZE,schwartze,empor,PTKVZ,empor,28984,,
qd,w407.0,134896,134935,SCHWARTZE,schwartze,.,$.,--,28984,,
qd,w407.0,134997,135022,SCHWARTZE,schwartze,Keller,NN,keller,28984,,(3)
qd,w407.0,134997,135022,SCHWARTZE,schwartze,die,ART,der,28984,,
qd,w407.0,134997,135022,SCHWARTZE,schwartze,Hand,NN,hand,28984,,
qd,w407.0,134997,135022,SCHWARTZE,schwartze,reichend,ADJD,reichend,28984,,
qd,w407.0,134997,135022,SCHWARTZE,schwartze,.,$.,--,28984,,
qd,w407.0,135121,135139,KELLER,keller,Mit,APPR,mit,28984,,
qd,w407.0,135121,135139,KELLER,keller,Verbeugung,NN,verbeugung,28984,,
qd,w407.0,135121,135139,KELLER,keller,ab,PTKVZ,ab,28984,,
qd,w407.0,135121,135139,KELLER,keller,.,$.,--,28984,,
qd,w407.0,135184,135201,_Stage,_Stage,Magda,NE,magda,28984,,(10)
qd,w407.0,135184,135201,_Stage,_Stage,.,$.,--,28984,,
qd,w407.0,135184,135201,_Stage,_Stage,Schwartze,NN,schwartze,28984,,(4)
qd,w407.0,135184,135201,_Stage,_Stage,.,$.,--,28984,,
qd,w407.0,135211,135224,MAGDA,magda,sich,PRF,sich,28984,,
qd,w407.0,135211,135224,MAGDA,magda,reckend,ADJD,reckend,28984,,
qd,w407.0,135211,135224,MAGDA,magda,.,$.,--,28984,,
qd,w407.0,135277,135340,SCHWARTZE,schwartze,mißt,VVFIN,messen,28984,,
qd,w407.0,135277,135340,SCHWARTZE,schwartze,sie,PPER,sie,28984,,
qd,w407.0,135277,135340,SCHWARTZE,schwartze,eine,ART,ein,28984,,
qd,w407.0,135277,135340,SCHWARTZE,schwartze,Weile,NN,weile,28984,,
qd,w407.0,135277,135340,SCHWARTZE,schwartze,und,KON,und,28984,,
qd,w407.0,135277,135340,SCHWARTZE,schwartze,verschließt,VVFIN,verschließen,28984,,
qd,w407.0,135277,135340,SCHWARTZE,schwartze,schweigend,ADJD,schweigend,28984,,
qd,w407.0,135277,135340,SCHWARTZE,schwartze,die,ART,der,28984,,
qd,w407.0,135277,135340,SCHWARTZE,schwartze,drei,CARD,drei,28984,,
qd,w407.0,135277,135340,SCHWARTZE,schwartze,Thüren,NN,thüre,28984,,
qd,w407.0,135277,135340,SCHWARTZE,schwartze,.,$.,--,28984,,
qd,w407.0,135607,135618,MAGDA,magda,setzt,VVFIN,setzen,28984,,
qd,w407.0,135607,135618,MAGDA,magda,sich,PRF,sich,28984,,
qd,w407.0,135607,135618,MAGDA,magda,.,$.,--,28984,,
qd,w407.0,136380,136390,MAGDA,magda,mitleidig,ADJD,mitleidig,28984,,
qd,w407.0,136380,136390,MAGDA,magda,.,$.,--,28984,,
qd,w407.0,137032,137050,MAGDA,magda,verneint,ADJD,verneinen,28984,,
qd,w407.0,137032,137050,MAGDA,magda,lächelnd,ADJD,lächelnd,28984,,
qd,w407.0,137032,137050,MAGDA,magda,.,$.,--,28984,,
qd,w407.0,137301,137323,MAGDA,magda,nach,APPR,nach,28984,,
qd,w407.0,137301,137323,MAGDA,magda,kurzem,ADJA,kurz,28984,,
qd,w407.0,137301,137323,MAGDA,magda,Schweigen,NN,schweigen,28984,,
qd,w407.0,137301,137323,MAGDA,magda,.,$.,--,28984,,
qd,w407.0,137549,137572,MAGDA,magda,in,APPR,in,28984,,
qd,w407.0,137549,137572,MAGDA,magda,wachsender,ADJA,wachsend,28984,,
qd,w407.0,137549,137572,MAGDA,magda,Erregung,NN,erregung,28984,,
qd,w407.0,137549,137572,MAGDA,magda,.,$.,--,28984,,
qd,w407.0,141126,141179,SCHWARTZE,schwartze,tastet,ADJD,tasten,28984,,
qd,w407.0,141126,141179,SCHWARTZE,schwartze,nach,APPR,nach,28984,,
qd,w407.0,141126,141179,SCHWARTZE,schwartze,dem,ART,der,28984,,
qd,w407.0,141126,141179,SCHWARTZE,schwartze,Kasten,NN,kasten,28984,,
qd,w407.0,141126,141179,SCHWARTZE,schwartze,und,KON,und,28984,,
qd,w407.0,141126,141179,SCHWARTZE,schwartze,zieht,VVFIN,ziehen,28984,,
qd,w407.0,141126,141179,SCHWARTZE,schwartze,eine,ART,ein,28984,,
qd,w407.0,141126,141179,SCHWARTZE,schwartze,Pistole,NN,pistole,28984,,
qd,w407.0,141126,141179,SCHWARTZE,schwartze,hervor,PTKVZ,hervor,28984,,
qd,w407.0,141126,141179,SCHWARTZE,schwartze,.,$.,--,28984,,
qd,w407.0,141454,141474,MAGDA,magda,schreit,VVFIN,schreit,28984,,
qd,w407.0,141454,141474,MAGDA,magda,gellend,ADJD,gellend,28984,,
qd,w407.0,141454,141474,MAGDA,magda,auf,PTKVZ,auf,28984,,
qd,w407.0,141454,141474,MAGDA,magda,.,$.,--,28984,,
qd,w407.0,141721,141771,MAGDA,magda,Draußen,NN,draußen,28984,,
qd,w407.0,141721,141771,MAGDA,magda,Rufe,NN,rufe,28984,,
qd,w407.0,141721,141771,MAGDA,magda,und,KON,und,28984,,
qd,w407.0,141721,141771,MAGDA,magda,Poltern,NN,poltern,28984,,
qd,w407.0,141721,141771,MAGDA,magda,.,$.,--,28984,,
qd,w407.0,141721,141771,MAGDA,magda,Die,ART,der,28984,,
qd,w407.0,141721,141771,MAGDA,magda,Thür,NN,thür,28984,,
qd,w407.0,141721,141771,MAGDA,magda,wird,VAFIN,werden,28984,,
qd,w407.0,141721,141771,MAGDA,magda,erbrochen,VVPP,erbrechen,28984,,
qd,w407.0,141721,141771,MAGDA,magda,.,$.,--,28984,,
qd,w407.0,141820,141873,_Stage,_Stage,Die,ART,der,28984,,
qd,w407.0,141820,141873,_Stage,_Stage,Vorigen,NN,vorige,28984,,
qd,w407.0,141820,141873,_Stage,_Stage,.,$.,--,28984,,
qd,w407.0,141820,141873,_Stage,_Stage,Der,ART,der,28984,,
qd,w407.0,141820,141873,_Stage,_Stage,Pfarrer,NN,pfarrer,28984,,(9)
qd,w407.0,141820,141873,_Stage,_Stage,.,$.,--,28984,,
qd,w407.0,141820,141873,_Stage,_Stage,Max,NE,max,28984,,(2)
qd,w407.0,141820,141873,_Stage,_Stage,.,$.,--,28984,,
qd,w407.0,141820,141873,_Stage,_Stage,Frau,NN,frau,28984,,(5
qd,w407.0,141820,141873,_Stage,_Stage,Schwartze,NE,schwartze,28984,,5)|(4)
qd,w407.0,141820,141873,_Stage,_Stage,.,$.,--,28984,,
qd,w407.0,141820,141873,_Stage,_Stage,Marie,NE,marie,28984,,(1)
qd,w407.0,141820,141873,_Stage,_Stage,.,$.,--,28984,,
qd,w407.0,142142,142149,PFARRER,pfarrer,Max,NE,max,28984,,(2)
qd,w407.0,142142,142149,PFARRER,pfarrer,ab,PTKVZ,ab,28984,,
qd,w407.0,142142,142149,PFARRER,pfarrer,.,$.,--,28984,,
qd,w407.0,142163,142179,PFARRER,pfarrer,leiser,ADJD,leise,28984,,
qd,w407.0,142163,142179,PFARRER,pfarrer,zu,PTKZU,zu,28984,,
qd,w407.0,142163,142179,PFARRER,pfarrer,Magda,VVINF,magda,28984,,(10)
qd,w407.0,142163,142179,PFARRER,pfarrer,.,$.,--,28984,,
qd,w407.0,142329,142368,FRAU SCHWARTZE,frau_schwartze,die,ART,der,28984,,
qd,w407.0,142329,142368,FRAU SCHWARTZE,frau_schwartze,versucht,VVPP,versuchen,28984,,
qd,w407.0,142329,142368,FRAU SCHWARTZE,frau_schwartze,hat,VAFIN,haben,28984,,
qd,w407.0,142329,142368,FRAU SCHWARTZE,frau_schwartze,",","$,",--,28984,,
qd,w407.0,142329,142368,FRAU SCHWARTZE,frau_schwartze,die,ART,der,28984,,
qd,w407.0,142329,142368,FRAU SCHWARTZE,frau_schwartze,Pistole,NN,pistole,28984,,
qd,w407.0,142329,142368,FRAU SCHWARTZE,frau_schwartze,zu,PTKZU,zu,28984,,
qd,w407.0,142329,142368,FRAU SCHWARTZE,frau_schwartze,lösen,VVINF,lösen,28984,,
qd,w407.0,142329,142368,FRAU SCHWARTZE,frau_schwartze,.,$.,--,28984,,
qd,w407.0,142491,142497,PFARRER,pfarrer,leise,ADJD,leise,28984,,
qd,w407.0,142491,142497,PFARRER,pfarrer,.,$.,--,28984,,
qd,w407.0,142623,142648,SCHWARTZE,schwartze,neigt,VVFIN,neigen,28984,,
qd,w407.0,142623,142648,SCHWARTZE,schwartze,ein,ART,ein,28984,,
qd,w407.0,142623,142648,SCHWARTZE,schwartze,wenig,PIDAT,wenig,28984,,
qd,w407.0,142623,142648,SCHWARTZE,schwartze,den,ART,der,28984,,
qd,w407.0,142623,142648,SCHWARTZE,schwartze,Kopf,NN,kopf,28984,,
qd,w407.0,142623,142648,SCHWARTZE,schwartze,.,$.,--,28984,,
qd,w407.0,142660,142696,MAGDA,magda,sinkt,VVFIN,sinken,28984,,
qd,w407.0,142660,142696,MAGDA,magda,zu,APPR,zu,28984,,
qd,w407.0,142660,142696,MAGDA,magda,seiner,PPOSAT,sein,28984,,
qd,w407.0,142660,142696,MAGDA,magda,linken,ADJA,linker,28984,,
qd,w407.0,142660,142696,MAGDA,magda,Seite,NN,seite,28984,,
qd,w407.0,142660,142696,MAGDA,magda,nieder,PTKVZ,nieder,28984,,
qd,w407.0,142660,142696,MAGDA,magda,.,$.,--,28984,,
qd,w407.0,142856,142883,SCHWARTZE,schwartze,schüttelt,VVFIN,schütteln,28984,,
qd,w407.0,142856,142883,SCHWARTZE,schwartze,langsam,ADJD,langsam,28984,,
qd,w407.0,142856,142883,SCHWARTZE,schwartze,den,ART,der,28984,,
qd,w407.0,142856,142883,SCHWARTZE,schwartze,Kopf,NN,kopf,28984,,
qd,w407.0,142856,142883,SCHWARTZE,schwartze,.,$.,--,28984,,
qd,w407.0,142895,142921,MARIE,marie,neben,APPR,neben,28984,,
qd,w407.0,142895,142921,MARIE,marie,Magda,NE,magda,28984,,(10)
qd,w407.0,142895,142921,MARIE,marie,niedersinkend,ADJD,niedersinkend,28984,,
qd,w407.0,142895,142921,MARIE,marie,.,$.,--,28984,,
qd,w407.0,142981,143024,,,Gesicht,NN,gesicht,28984,,
qd,w407.0,142981,143024,,,überzieht,VVFIN,überziehen,28984,,
qd,w407.0,142981,143024,,,ein,ART,ein,28984,,
qd,w407.0,142981,143024,,,verklärendes,ADJA,verklärend,28984,,
qd,w407.0,142981,143024,,,Lächeln,NN,lächeln,28984,,
qd,w407.0,142981,143024,,,.,$.,--,28984,,
qd,w407.0,143265,143278,FRAU SCHWARTZE,frau_schwartze,aufschreiend,ADJD,aufschreiend,28984,,
qd,w407.0,143265,143278,FRAU SCHWARTZE,frau_schwartze,.,$.,--,28984,,
qd,w407.0,143303,143323,PFARRER,pfarrer,ihre,PPOSAT,ihr,28984,,
qd,w407.0,143303,143323,PFARRER,pfarrer,Hand,NN,hand,28984,,
qd,w407.0,143303,143323,PFARRER,pfarrer,erfassend,ADJD,erfassend,28984,,
qd,w407.0,143303,143323,PFARRER,pfarrer,.,$.,--,28984,,
qd,w407.0,143442,143500,MAGDA,magda,aufspringend,ADJD,aufspringend,28984,,
qd,w407.0,143442,143500,MAGDA,magda,und,KON,und,28984,,
qd,w407.0,143442,143500,MAGDA,magda,in,APPR,in,28984,,
qd,w407.0,143442,143500,MAGDA,magda,Verzweiflung,NN,verzweiflung,28984,,
qd,w407.0,143442,143500,MAGDA,magda,die,ART,der,28984,,
qd,w407.0,143442,143500,MAGDA,magda,Hände,NN,hand,28984,,
qd,w407.0,143442,143500,MAGDA,magda,emporstreckend,ADJD,emporstreckend,28984,,
qd,w407.0,143442,143500,MAGDA,magda,.,$.,--,28984,,
qd,w407.0,143545,143601,PFARRER,pfarrer,macht,VVFIN,machen,28984,,
qd,w407.0,143545,143601,PFARRER,pfarrer,eine,ART,ein,28984,,
qd,w407.0,143545,143601,PFARRER,pfarrer,abwehrende,ADJA,abwehrend,28984,,
qd,w407.0,143545,143601,PFARRER,pfarrer,Bewegung,NN,bewegung,28984,,
qd,w407.0,143545,143601,PFARRER,pfarrer,",","$,",--,28984,,
qd,w407.0,143545,143601,PFARRER,pfarrer,die,PRELS,der,28984,,
qd,w407.0,143545,143601,PFARRER,pfarrer,ihr,PPOSAT,ihr,28984,,
qd,w407.0,143545,143601,PFARRER,pfarrer,Stille,NN,stille,28984,,
qd,w407.0,143545,143601,PFARRER,pfarrer,gebietet,VVFIN,gebieten,28984,,
qd,w407.0,143545,143601,PFARRER,pfarrer,.,$.,--,28984,,
qd,w407.0,143613,143642,MAGDA,magda,diese,PDAT,dieser,28984,,
qd,w407.0,143613,143642,MAGDA,magda,Bewegung,NN,bewegung,28984,,
qd,w407.0,143613,143642,MAGDA,magda,mißverstehend,ADJD,mißverstehend,28984,,
qd,w407.0,143613,143642,MAGDA,magda,.,$.,--,28984,,
qd,w407.0,143776,143798,PFARRER,pfarrer,einfach,ADV,einfach,28984,,
qd,w407.0,143776,143798,PFARRER,pfarrer,und,KON,und,28984,,
qd,w407.0,143776,143798,PFARRER,pfarrer,friedlich,ADJD,friedlich,28984,,
qd,w407.0,143776,143798,PFARRER,pfarrer,.,$.,--,28984,,
qd,w407.0,143862,143888,PFARRER,pfarrer,Der,ART,der,28984,,
qd,w407.0,143862,143888,PFARRER,pfarrer,Vorhang,NN,vorhang,28984,,
qd,w407.0,143862,143888,PFARRER,pfarrer,fällt,VVFIN,fallen,28984,,
qd,w407.0,143862,143888,PFARRER,pfarrer,langsam,ADJD,langsam,28984,,
qd,w407.0,143862,143888,PFARRER,pfarrer,.,$.,--,28984,,
